1.0
0.99999964
1.0000305
1.0002131
1.0006136
1.0011716
1.0018154
1.0024006
1.0030828
1.0038582
1.0046601
1.0053535
1.0061293
1.0069778
1.0077568
1.0086117
1.0093724
1.0101849
1.011041
1.011954
1.0129163
1.0137036
1.0144799
1.0150837
1.01584
1.0165359
1.0173677
1.0179777
1.0182548
1.0187358
1.0190257
1.0191205
1.0190326
1.0190395
1.0189302
1.0189344
1.0188531
1.0188638
1.0188576
1.0188769
1.018912
1.0189514
1.0191506
1.0194234
1.0197406
1.0200765
1.0203537
1.020525
1.020735
1.020735
1.0210485
1.0212375
1.0213915
1.0214924
1.0217168
1.022198
1.0226809
1.0232264
1.0235876
1.0238433
1.024025
1.023992
1.0239241
1.0238875
1.0238669
1.0238775
1.0238447
1.0238124
1.0240525
1.0243584
1.0245935
1.0250543
1.0254414
1.0258018
1.0260949
1.0263698
1.0265695
1.0267737
1.026913
1.0270389
1.0271676
1.0273185
1.0273997
1.0274425
1.027511
1.0275136
1.0274376
1.0271614
1.0267085
1.0262382
1.0257099
1.0249561
1.024111
1.023259
1.0220472
1.0206212
1.0192319
1.0178409
1.0178409
1.0162898
1.014606
1.0128635
1.011092
1.0092565
1.0073577
1.0054075
1.0035119
1.0015593
0.9995763
0.9975344
0.9954771
0.9933577
0.9911885
0.98907924
0.9869181
0.9848591
0.9827946
0.9807037
0.9786011
0.9764679
0.9743264
0.97221327
0.97017545
0.9681525
0.9660489
0.9639524
0.9618456
0.95982397
0.95776254
0.9557495
0.9537177
0.95173293
0.94964474
0.9475489
0.94547546
0.94337255
0.9411885
0.938937
0.9367143
0.934444
0.93212956
0.9298034
0.9274166
0.9250188
0.92273444
0.9204669
0.91816676
0.91816676
0.91584134
0.91347164
0.911048
0.9087628
0.90652144
0.9042608
0.9019241
0.8996018
0.89737177
0.89507294
0.892763
0.8904694
0.88823175
0.88594097
0.8836195
0.88132125
0.8790712
0.87679994
0.8745792
0.8724011
0.87022465
0.8681271
0.86604375
0.8639863
0.8619861
0.8599733
0.85798115
0.85593396
0.8538787
0.8518469
0.8497644
0.8476573
0.8456286
0.84357595
0.8415635
0.83959985
0.8375625
0.8355342
0.8335053
0.8314463
0.8293464
0.8272125
0.825115
0.823074
0.8210898
0.8191026
0.8171381
0.81511563
0.81511563
0.8131203
0.8111862
0.8092433
0.8072506
0.8052503
0.8032303
0.8012387
0.79921144
0.7971607
0.79504824
0.7929365
0.7906657
0.7883494
0.7861647
0.7840881
0.78209287
0.7802098
0.7783069
0.7764301
0.7746274
0.77280575
0.77103645
0.76920885
0.7673313
0.7655409
0.7637776
0.76207125
0.76024985
0.7584457
0.7566938
0.7548518
0.7530253
0.75123566
0.74941355
0.7475687
0.745722
0.74383277
0.7419818
0.74003553
0.73812336
0.7361825
0.73420507
0.73229814
0.7303921
0.72854793
0.7267735
0.72503793
0.723337
0.723337
0.7215629
0.719856
0.71810675
0.7163881
0.71466184
0.71289647
0.71114755
0.7093407
0.7075609
0.70582306
0.70412505
0.7023327
0.7005928
0.69892883
0.697282
0.69560975
0.6939618
0.69241184
0.6909434
0.6894083
0.68774325
0.68598056
0.6842144
0.6824609
0.68070394
0.6790096
0.6773488
0.67568606
0.6740209
0.67237264
0.6707858
0.66915643
0.6675115
0.66587853
0.66423845
0.66256714
0.66090757
0.6592288
0.65753746
0.65590715
0.6542973
0.6526374
0.65076953
0.64884275
0.64689857
0.6449484
0.64294
0.6409781
0.6409781
0.63908374
0.637222
0.63533956
0.6335281
0.6317363
0.62991595
0.62813765
0.6264411
0.6247091
0.6229862
0.62125236
0.6195258
0.6178331
0.6161168
0.614444
0.61277515
0.6111011
0.6094047
0.60773534
0.60606045
0.6044306
0.6027983
0.60115564
0.59957135
0.5980366
0.59651273
0.5949697
0.5933475
0.5917038
0.59006244
0.5884769
0.5867715
0.58509487
0.58335733
0.58166593
0.5799856
0.5783408
0.57665324
0.57502115
0.5733856
0.57173485
0.57003313
0.5683929
0.56682724
0.5652968
0.5637136
0.56213385
0.5605974
0.5605974
0.5590479
0.5575327
0.5559851
0.55438155
0.5527357
0.5511589
0.5495195
0.5479322
0.5463937
0.5449118
0.54346037
0.541941
0.54044557
0.5389383
0.53728575
0.5356367
0.5340566
0.53254896
0.5311164
0.5297342
0.5283516
0.52681774
0.52523047
0.52361184
0.5219912
0.52040505
0.5188055
0.51724714
0.51573664
0.51422673
0.51276135
0.511385
0.5100052
0.5086329
0.50724125
0.5059154
0.50453174
0.50312126
0.50165814
0.50018805
0.49871904
0.49723342
0.49576324
0.49429044
0.49274752
0.49112996
0.48947617
0.48789528
0.48789528
0.48632577
0.48486438
0.48344448
0.48203462
0.48064157
0.4792928
0.4779668
0.4766812
0.47535938
0.47403026
0.4727356
0.47135296
0.47002134
0.46865788
0.46733984
0.46593028
0.46453148
0.463133
0.4617107
0.46038505
0.4590962
0.45782068
0.45650342
0.4552197
0.45388502
0.45252946
0.45112118
0.44975725
0.44846234
0.44716713
0.4458263
0.4444343
0.4430183
0.44157577
0.44014958
0.43880314
0.43747205
0.43617636
0.43487656
0.43363005
0.43246567
0.43134502
0.4302311
0.42904022
0.42787972
0.42666212
0.4254322
0.42413938
0.42413938
0.42280063
0.42146572
0.42015028
0.41888
0.41769147
0.41655996
0.41543365
0.41431886
0.41321406
0.41205275
0.41096866
0.40989023
0.40883544
0.4078272
0.40679103
0.40580368
0.40477934
0.40374714
0.4026812
0.4016688
0.40065214
0.39969352
0.39857373
0.39745483
0.39626494
0.39513728
0.39404258
0.39295438
0.39184737
0.3907626
0.38970205
0.38863117
0.38766077
0.38668978
0.38573873
0.38485965
0.384067
0.38325924
0.38237444
0.38139576
0.38040182
0.37947482
0.37855807
0.37766752
0.37679836
0.37595892
0.37512413
0.3743056
0.3743056
0.37353846
0.37275565
0.37191245
0.37104878
0.37016538
0.36927095
0.36837614
0.36745805
0.36661837
0.36572418
0.36490145
0.36388692
0.36295635
0.3620236
0.36122945
0.36032933
0.35937366
0.35839832
0.35745877
0.35657048
0.3557015
0.35489526
0.3540753
0.35319296
0.35234338
0.35161966
0.35092822
0.35025153
0.34955433
0.34884444
0.34816214
0.34755525
0.34690022
0.34621122
0.34555525
0.3449072
0.34428877
0.34369904
0.34300655
0.34226447
0.3414838
0.3407319
0.33986008
0.33900514
0.3382062
0.33741704
0.3367014
0.33609316
0.33609316
0.33546808
0.3348417
0.33410668
0.3333999
0.3327296
0.3320832
0.33153525
0.33101648
0.33039913
0.32979906
0.32919988
0.32860205
0.32800266
0.32739684
0.32684684
0.32630515
0.3257335
0.32518986
0.32460937
0.3240077
0.3233829
0.32275417
0.3221782
0.32151696
0.32085142
0.32014635
0.31939045
0.31868824
0.31807733
0.31755367
0.31703022
0.3164557
0.31589046
0.3153168
0.31473184
0.31414533
0.3135566
0.31296626
0.31243688
0.31180626
0.31120872
0.31059316
0.3100096
0.30933324
0.30861884
0.30792066
0.30730107
0.30653858
0.30653858
0.30575132
0.30492568
0.3040958
0.30329287
0.3024926
0.30171263
0.30103773
0.30042848
0.2997905
0.29915476
0.2985286
0.29788467
0.29722357
0.29668882
0.2962465
0.29584393
0.2954639
0.29502803
0.29455116
0.29408377
0.29364496
0.2932637
0.29281637
0.29230952
0.29176098
0.2913022
0.29092458
0.2905338
0.2901578
0.28979
0.28941062
0.2890669
0.28867796
0.2881518
0.28756562
0.28694737
0.28639886
0.28587916
0.28540674
0.28492284
0.28453943
0.28395557
0.28337532
0.28289318
0.28245515
0.28203073
0.28171843
0.28139815
0.28139815
0.28104007
0.2807017
0.2803525
0.27999508
0.27946135
0.27894306
0.27835095
0.2778849
0.27747625
0.2771137
0.27663404
0.2762687
0.27593744
0.27553257
0.27509487
0.27456883
0.27416283
0.2738001
0.27340934
0.2729338
0.27252072
0.27206936
0.27156225
0.27102757
0.27047032
0.26987568
0.26933324
0.26882327
0.26836398
0.26795417
0.26754528
0.26706842
0.26661783
0.26614073
0.26569083
0.26536238
0.26504046
0.2648746
0.26458374
0.26422605
0.2639175
0.2635857
0.26319358
0.26275894
0.26232272
0.26198637
0.2616928
0.26139554
0.26139554
0.26098216
0.26058123
0.26014218
0.25980303
0.25943717
0.25901178
0.25857309
0.25811923
0.2576324
0.25725982
0.25690597
0.25649273
0.25606015
0.25559413
0.25509733
0.25464904
0.25416878
0.25371796
0.25332147
0.25292757
0.25256795
0.2521904
0.25173286
0.25122923
0.25079885
0.25031942
0.24979651
0.24933042
0.24896015
0.24857356
0.24822982
0.2478831
0.24745524
0.24700105
0.24657251
0.2461561
0.2459292
0.24560894
0.24517862
0.24486083
0.24450111
0.24418436
0.24369025
0.24302527
0.24237259
0.24166784
0.24113308
0.24048173
0.24048173
0.23991244
0.23933488
0.2387083
0.2380335
0.23742844
0.23686011
0.23639478
0.23590513
0.23542437
0.23497863
0.23461124
0.23430926
0.23377874
0.2330677
0.23234637
0.23171233
0.23117974
0.23075075
0.23033552
0.22987448
0.22946163
0.22921172
0.22898766
0.22877643
0.22854093
0.22832254
0.22815138
0.22797935
0.22780044
0.2276108
0.2273914
0.22710815
0.22673516
0.226401
0.22612976
0.22599882
0.22576794
0.22543103
0.22508773
0.22466491
0.22428076
0.22399473
0.22381814
0.22374225
0.22362599
0.22369225
0.22383587
0.22402453
0.22402453
0.2240502
0.22400405
0.22397433
0.22404292
0.22410016
0.22415935
0.22426769
0.2242163
0.22414362
0.22407061
0.2239169
0.22374795
0.22363597
0.22340012
0.22319305
0.22298943
0.22289906
0.22280315
0.22257398
0.22245775
0.22236508
0.22230709
0.22226381
0.2222237
0.2220311
0.22185872
0.22168459
0.22151667
0.22133605
0.2210747
0.22074394
0.22043481
0.22014652
0.2198152
0.21944481
0.21923411
0.2191269
0.2190495
0.2189129
0.2186722
0.2184024
0.21816067
0.21794966
0.21767229
0.21723111
0.21680446
0.21631163
0.21585791
0.21585791
0.21542463
0.21515884
0.21486723
0.21468824
0.21452655
0.2143276
0.2141211
0.21391632
0.21384896
0.21383658
0.21377425
0.21350694
0.21329477
0.21322411
0.21309085
0.2129534
0.21265179
0.21231076
0.2121386
0.21196944
0.21186778
0.21162419
0.21133342
0.21107918
0.21088007
0.21066113
0.21038646
0.21007176
0.20978752
0.20959076
0.20963602
0.2096631
0.20958044
0.20946573
0.2093357
0.20907585
0.20872492
0.20842367
0.20803863
0.20784856
0.20769912
0.20760688
0.20751639
0.20735624
0.20716818
0.20697926
0.20684806
0.20660004
0.20660004
0.20636761
0.20617737
0.20609201
0.20599093
0.20587504
0.20581469
0.20565724
0.20560952
0.20562817
0.2056866
0.20567612
0.20568907
0.20547451
0.20518772
0.20498633
0.20467824
0.20438726
0.20403641
0.20368756
0.20326729
0.2027156
0.20212938
0.20147166
0.2009122
0.20053187
0.20022587
0.19988218
0.19941351
0.19899592
0.19863299
0.19845626
0.19835986
0.19811358
0.1977721
0.19757429
0.19744907
0.19741686
0.1970819
0.19681434
0.19660187
0.19649643
0.19650894
0.19651252
0.19648167
0.19645652
0.19641827
0.19638142
0.19623102
0.19623102
0.19576563
0.19518965
0.19465238
0.19421329
0.1936752
0.19301724
0.19239305
0.1918507
0.19150896
0.19123827
0.1910455
0.19082518
0.19054516
0.19029482
0.1902185
0.19020331
0.19004416
0.18983358
0.18962385
0.18959087
0.18943979
0.18932825
0.18912052
0.18895273
0.18872856
0.18846653
0.18821073
0.18798001
0.18774328
0.18735772
0.1869177
0.18653211
0.18634287
0.18614508
0.18597452
0.1858139
0.185837
0.18583822
0.18577838
0.18568164
0.18540148
0.18500972
0.18489498
0.18481323
0.18476453
0.18475336
0.1849347
0.18504153
0.18504153
0.18513332
0.18504632
0.18479599
0.18449213
0.18424445
0.18423262
0.18421131
0.18427777
0.18438554
0.18438809
0.18429855
0.18417846
0.18404353
0.18385927
0.18347503
0.18302906
0.18248034
0.18214627
0.18207324
0.18198249
0.18195234
0.18194416
0.18205696
0.18206707
0.18200588
0.18167782
0.18122593
0.18078583
0.18040884
0.17996825
0.17952085
0.1791012
0.17879194
0.17847307
0.17830446
0.17786036
0.17742729
0.176954
0.17661963
0.17620745
0.17576753
0.17541108
0.17512436
0.17484039
0.1747423
0.17456008
0.1743271
0.17425525
0.17425525
0.17424479
0.17434679
0.1742595
0.17402239
0.1738461
0.17374946
0.17369428
0.17361578
0.173589
0.17354427
0.1736403
0.17371495
0.17374583
0.17387226
0.17401113
0.17419767
0.17454542
0.17463788
0.17468211
0.17468908
0.1748367
0.17495099
0.17507237
0.17512289
0.17509453
0.17501478
0.1748556
0.1746666
0.17447622
0.17417304
0.17397769
0.17380852
0.17373613
0.17373244
0.17380041
0.17380957
0.17359722
0.17311591
0.17265473
0.17226948
0.171917
0.17148325
0.17106925
0.17074986
0.17068832
0.17053835
0.17019893
0.16976303
0.16976303
0.1697339
0.16974428
0.1696231
0.16943163
0.16930354
0.16922474
0.16901647
0.16872883
0.1682643
0.16783266
0.16747507
0.167357
0.16721527
0.16700405
0.16664977
0.16638641
0.16611822
0.16599293
0.16585709
0.16569771
0.16563787
0.16544351
0.16545223
0.16546977
0.16550952
0.1656413
0.16580743
0.16589013
0.16586763
0.1658898
0.16604044
0.16608982
0.16607228
0.16615716
0.16622002
0.16639192
0.16635005
0.16617317
0.16592787
0.1657586
0.16559815
0.16538341
0.16518395
0.16482271
0.16462068
0.16436552
0.16406012
0.1638317
0.1638317
0.16374968
0.16361023
0.16341893
0.1632274
0.16302393
0.16286674
0.16277252
0.16272749
0.16275306
0.16286114
0.16295326
0.16292174
0.16285928
0.16271777
0.16261324
0.16259871
0.1625675
0.16256303
0.16263841
0.16260758
0.16244948
0.16227698
0.16223742
0.16234955
0.16242374
0.16244732
0.16249278
0.16258915
0.1627016
0.16273288
0.16292931
0.16310008
0.16320837
0.1635097
0.16371161
0.16370755
0.16390121
0.16411763
0.16412805
0.16413118
0.16418922
0.16423611
0.16425489
0.16416878
0.16398673
0.16385753
0.1638295
0.16382931
0.16382931
0.16386987
0.16383678
0.16384761
0.16382726
0.1637765
0.16366342
0.163588
0.16342759
0.16321123
0.16295381
0.16264102
0.16240898
0.16214457
0.16189967
0.16166289
0.16144103
0.16124532
0.16105413
0.16082866
0.1605576
0.16017893
0.15982828
0.15945995
0.15902857
0.15865737
0.15837349
0.15817836
0.15796182
0.15780772
0.15761784
0.15754475
0.15760429
0.15755036
0.15739192
0.15723361
0.15709524
0.15693569
0.15681699
0.15674525
0.15678333
0.15688
0.15699293
0.15731451
0.15775378
0.15812482
0.15852138
0.15874459
0.15886372
0.15886372
0.15896259
0.15906098
0.15915875
0.1592489
0.1594622
0.15961745
0.15978289
0.15980661
0.1597749
0.15989022
0.16008984
0.16019887
0.16022475
0.16024025
0.16032131
0.16032344
0.160211
0.16014285
0.16027649
0.16038764
0.16055916
0.16069826
0.16077338
0.1607787
0.16069877
0.16056624
0.16057692
0.16061607
0.16068035
0.16084066
0.16103317
0.16114993
0.16126761
0.16141276
0.16133815
0.16133638
0.16126686
0.16124187
0.16115394
0.16097704
0.16087393
0.16080701
0.1607782
0.16066435
0.16064052
0.16068837
0.16081862
0.16095243
0.16095243
0.16102098
0.16104406
0.16098551
0.16089883
0.16084683
0.16079043
0.1607395
0.16066888
0.16069151
0.16075453
0.16082835
0.16089673
0.16098249
0.16109265
0.16113672
0.16114354
0.16109669
0.1609627
0.16089602
0.16093242
0.16099574
0.16100669
0.16100475
0.16091046
0.16080734
0.16075747
0.16074966
0.1607483
0.16074069
0.16073582
0.1607516
0.16072504
0.16071014
0.16066438
0.16062064
0.16054405
0.16053724
0.16055335
0.16059037
0.1605924
0.16060881
0.16059509
0.16047817
0.16036469
0.16033581
0.16035283
0.16040161
0.16039865
0.16039865
0.16040048
0.16041589
0.16050875
0.16065593
0.16078421
0.16090705
0.16098222
0.16102561
0.16103464
0.16109972
0.16118091
0.16119684
0.16125074
0.16133343
0.16142514
0.16149414
0.16157283
0.16163248
0.16168028
0.16171743
0.16178063
0.16186695
0.16194622
0.16199987
0.16208966
0.16223022
0.16234082
0.16240828
0.1625068
0.16258454
0.16263953
0.16270863
0.16283546
0.16296251
0.16316459
0.16336672
0.16348617
0.16357066
0.16364987
0.16365807
0.16365229
0.1636192
0.1635815
0.16347
0.16340406
0.16335432
0.16335379
0.16342647
0.16342647
0.16348585
0.1636186
0.1637612
0.16387405
0.16397184
0.16406271
0.16414012
0.16417584
0.16425426
0.16430591
0.16438492
0.16445473
0.16456172
0.16463883
0.16475621
0.16491544
0.16509871
0.16527419
0.16543005
0.16561073
0.16575928
0.16588473
0.16602343
0.1661422
0.1662728
0.16641918
0.16654976
0.16667587
0.16683261
0.1669625
0.16710451
0.16718416
0.16723786
0.16732913
0.16736913
0.16739658
0.16748671
0.16760068
0.16770989
0.16776708
0.16781631
0.16784091
0.1678384
0.16783454
0.1678323
0.16784915
0.1678537
0.16785261
0.16785261
0.16788751
0.16790001
0.16787797
0.16788839
0.16789816
0.16789342
0.16789214
0.16786543
0.1678387
0.16784813
0.16784641
0.16783583
0.16782662
0.16780816
0.16779372
0.16774906
0.16771345
0.16769971
0.16765785
0.16760387
0.16759956
0.16756836
0.1675331
0.16749905
0.16745375
0.1674049
0.16740716
0.16741765
0.16745004
0.16747607
0.16750057
0.16749471
0.16747211
0.16744624
0.16742806
0.16737352
0.16730615
0.16723329
0.1671706
0.16706462
0.16696918
0.16689664
0.16681884
0.16675735
0.1667119
0.16666877
0.16665405
0.16664164
0.16664164
0.16665307
0.1666664
0.16668212
0.16671489
0.16674255
0.16676085
0.16677137
0.1667909
0.16680948
0.16682117
0.16683552
0.16684459
0.16684586
0.16685268
0.16685738
0.16685136
0.16684464
0.16683546
0.16682376
0.16681032
0.16678554
0.16674857
0.16670503
0.1666676
0.16662629
0.16660158
0.16656947
0.16652922
0.16648576
0.16645618
0.16644017
0.16643451
0.16643219
0.16643131
0.16642301
0.16643395
0.16645068
0.16649915
0.16654816
0.16658983
0.16664283
0.16669163
0.16673636
0.16676655
0.16679887
0.16683286
0.16686201
0.16689375
0.19623102
