4.0
4.0
4.0000014
4.0000067
3.9999878
3.9999812
4.000089
4.000541
4.0008826
4.0013003
4.001757
4.0023117
4.0029354
4.0033817
4.0039487
4.004557
4.0051656
4.005835
4.006398
4.006965
4.0076766
4.0083156
4.0089717
4.009454
4.0101347
4.0107102
4.011446
4.012061
4.0126896
4.013491
4.01425
4.014952
4.0154796
4.016121
4.0166383
4.017228
4.0176916
4.018183
4.0186176
4.018939
4.019235
4.0194907
4.019845
4.020242
4.020556
4.0208726
4.0211363
4.0213394
4.0215993
4.0215993
4.0219674
4.022234
4.0225306
4.0226974
4.023044
4.023644
4.024153
4.02478
4.025253
4.0256815
4.026097
4.026343
4.026616
4.0269494
4.0273414
4.02767
4.0280156
4.028353
4.02893
4.029565
4.030078
4.030767
4.031322
4.0318747
4.032397
4.032818
4.0331683
4.033534
4.033848
4.0341315
4.034424
4.034749
4.0350184
4.035217
4.035407
4.035576
4.03567
4.035698
4.035636
4.035672
4.035625
4.0352354
4.0346856
4.0340323
4.0330124
4.031845
4.0304375
4.029065
4.029065
4.027547
4.0258718
4.024294
4.022727
4.021185
4.0196157
4.0179386
4.016272
4.014506
4.0126805
4.010752
4.0087843
4.0067363
4.0046244
4.0025682
4.0004606
3.9984252
3.996386
3.994305
3.9921925
3.9900463
3.9879222
3.985816
3.9837694
3.9817219
3.9796
3.9775608
3.975487
3.973473
3.9714072
3.9693933
3.9673777
3.965428
3.96337
3.96131
3.9592807
3.957244
3.9551198
3.952922
3.9507616
3.948565
3.9463274
3.944077
3.9417546
3.9394197
3.9372256
3.9350488
3.932847
3.932847
3.930599
3.9282813
3.925898
3.9236407
3.921423
3.9191685
3.9168189
3.914465
3.9121954
3.909849
3.9074912
3.905132
3.9028115
3.9004235
3.8979933
3.8955815
3.893215
3.8908386
3.8885024
3.886206
3.8839061
3.881687
3.8794487
3.87725
3.8751352
3.8730352
3.8709915
3.868915
3.8668478
3.864777
3.8626716
3.8605666
3.8585525
3.8565595
3.8546085
3.8527064
3.8507519
3.8488
3.8468475
3.8448772
3.8428667
3.840829
3.8388245
3.8368633
3.83495
3.8330443
3.8311534
3.8292131
3.8292131
3.8272824
3.8253944
3.823494
3.8215528
3.819614
3.8176508
3.8157039
3.8137343
3.8117533
3.8097136
3.8076627
3.8054688
3.8032157
3.8010943
3.799078
3.7971299
3.7952917
3.793443
3.7916138
3.7898529
3.7880876
3.786378
3.7846255
3.7828174
3.7810957
3.7794063
3.7777803
3.7760603
3.7743592
3.7727213
3.7710042
3.7692971
3.767621
3.7659018
3.7641664
3.762439
3.7606745
3.7589512
3.7571342
3.7553613
3.7535894
3.7517765
3.7500317
3.748283
3.7465942
3.7449663
3.7433774
3.7418206
3.7418206
3.7402077
3.7386494
3.7370477
3.735474
3.733913
3.7323048
3.730709
3.7290366
3.7273843
3.725779
3.724221
3.722564
3.720947
3.7193875
3.7178206
3.7162204
3.7146506
3.7131717
3.7117643
3.7102497
3.708587
3.7068224
3.7050679
3.703326
3.701586
3.6998842
3.6982098
3.6965418
3.6948798
3.6932425
3.6916838
3.6900988
3.6885364
3.686977
3.6854267
3.683877
3.6823425
3.6807837
3.679211
3.6776934
3.6761837
3.6746533
3.6729255
3.671127
3.6693296
3.6675167
3.6656227
3.6637683
3.6637683
3.6619885
3.66022
3.6584487
3.656749
3.6550922
3.6534035
3.6517427
3.6501455
3.6485124
3.6468937
3.6452634
3.6436324
3.6420565
3.640448
3.6388803
3.6373086
3.6357327
3.6341102
3.6325264
3.6309605
3.6294203
3.6278923
3.6263545
3.624869
3.6234467
3.6220262
3.6205745
3.61904
3.617509
3.615978
3.6144938
3.612888
3.6112888
3.609627
3.608014
3.606428
3.6048782
3.6032789
3.60173
3.600159
3.598536
3.596846
3.5951855
3.5935805
3.5920248
3.590423
3.5888598
3.5873165
3.5873165
3.5857906
3.5842838
3.582745
3.5811665
3.5795538
3.5779953
3.5763602
3.5747662
3.5731876
3.5716412
3.5701268
3.5685587
3.567029
3.5655565
3.5639977
3.5624619
3.560982
3.559509
3.5580735
3.5566537
3.555229
3.5536716
3.552148
3.5506282
3.5491438
3.5476882
3.5461886
3.544721
3.5432682
3.5417964
3.5403473
3.5389667
3.5376062
3.536242
3.534867
3.5335343
3.5321662
3.5307827
3.529329
3.527855
3.52636
3.5248394
3.523279
3.521687
3.5199049
3.518094
3.5163417
3.5146663
3.5146663
3.5130036
3.511379
3.5097384
3.5081356
3.5065384
3.5049803
3.5033932
3.501859
3.5002415
3.4986362
3.4970489
3.4954112
3.4938042
3.4921615
3.4905815
3.4889235
3.4873006
3.4856637
3.4839904
3.482339
3.4807076
3.4790902
3.477412
3.4757822
3.4740908
3.4723408
3.470571
3.4688573
3.4671988
3.4655397
3.463821
3.4620712
3.4602792
3.4584649
3.456676
3.4549317
3.4531202
3.4513507
3.4496064
3.4479465
3.4463418
3.444762
3.4431767
3.441555
3.4399934
3.438337
3.4365954
3.4347892
3.4347892
3.4329412
3.4310527
3.4292202
3.4273877
3.4256523
3.4239473
3.4222782
3.4206562
3.4190574
3.4173849
3.4157224
3.414069
3.4124894
3.4109411
3.4093428
3.40779
3.4061565
3.404512
3.402841
3.4012012
3.3995106
3.3977714
3.3959696
3.3940973
3.3921704
3.390279
3.3884184
3.3865864
3.3848016
3.3830369
3.381306
3.379535
3.3777864
3.3760815
3.3743837
3.3727512
3.3711452
3.3694794
3.3678215
3.3661425
3.3644779
3.3627698
3.3611004
3.3594198
3.3577902
3.3561866
3.3545523
3.3529565
3.3529565
3.3513234
3.3497097
3.3480582
3.346415
3.3447533
3.3430736
3.3413153
3.339598
3.3379557
3.336347
3.3347464
3.3330624
3.3314164
3.3297603
3.3281155
3.326421
3.3246522
3.3228312
3.3211083
3.319437
3.3177953
3.3162136
3.3146641
3.3130817
3.3115153
3.3100078
3.3085272
3.3070958
3.3056636
3.3042474
3.302786
3.301284
3.299725
3.298183
3.2965996
3.2950866
3.2935946
3.2921052
3.2904944
3.28889
3.287327
3.285761
3.2840314
3.2823524
3.2807043
3.2790623
3.2773914
3.2757707
3.2757707
3.2741413
3.2725568
3.2709496
3.2693725
3.2677572
3.266129
3.2644463
3.2627165
3.2610495
3.2594345
3.257837
3.2562609
3.2546809
3.253115
3.2515624
3.2499852
3.248356
3.2467434
3.2451408
3.2435546
3.241955
3.2403414
3.2387288
3.237076
3.2353876
3.2336607
3.2319117
3.2301788
3.2284722
3.2267594
3.2250502
3.2232826
3.2215304
3.2198184
3.218158
3.2164974
3.2147467
3.213032
3.2113307
3.2095363
3.2077684
3.2060094
3.2043052
3.2025146
3.2007375
3.1989381
3.1971905
3.1952884
3.1952884
3.193389
3.1915061
3.1896849
3.1878767
3.18609
3.1842773
3.182492
3.1806917
3.1788962
3.1770432
3.1751091
3.1731765
3.1712096
3.1692917
3.1674984
3.165801
3.1641214
3.1623883
3.1606212
3.1589365
3.1572466
3.1555321
3.1538515
3.1520867
3.150239
3.1483846
3.146538
3.1445642
3.1426206
3.140752
3.1388848
3.1370406
3.135256
3.1334662
3.1316333
3.1297956
3.1280222
3.126241
3.1244586
3.122651
3.1208644
3.1188774
3.116974
3.1151254
3.1132996
3.1115427
3.1097212
3.1079035
3.1079035
3.1061206
3.104379
3.1026337
3.1009407
3.0990074
3.0971532
3.0953295
3.0935264
3.0917506
3.0900156
3.0882244
3.086465
3.0846148
3.082769
3.0809798
3.0791402
3.0772908
3.0754175
3.0735242
3.0716476
3.0698333
3.0680223
3.0662656
3.0645256
3.062821
3.0611203
3.0593884
3.057676
3.0559957
3.0543718
3.0526586
3.0508916
3.049124
3.0473335
3.0455658
3.0438
3.0420558
3.040328
3.0385416
3.036756
3.034937
3.0330756
3.0312264
3.0293725
3.027532
3.0256038
3.023598
3.0216591
3.0216591
3.019803
3.017998
3.0162077
3.014441
3.012656
3.010932
3.0092006
3.0074008
3.0055885
3.0037532
3.0018706
2.999902
2.9979959
2.9961078
2.9940317
2.9919355
2.9898753
2.9878561
2.9859018
2.983932
2.9819946
2.9801342
2.9783132
2.9764924
2.9746892
2.9727104
2.9707332
2.9687912
2.9668782
2.9649818
2.9631476
2.9613523
2.9594953
2.957617
2.9557474
2.953883
2.951981
2.9500456
2.9480689
2.9461322
2.9441543
2.9421508
2.9401407
2.9381108
2.9361126
2.9340894
2.9321234
2.930109
2.930109
2.9281087
2.9261212
2.9241111
2.9220128
2.919908
2.9178753
2.9158626
2.913864
2.911887
2.9099085
2.907979
2.9060848
2.9040513
2.9018948
2.8997831
2.897705
2.895733
2.8937507
2.8917408
2.8895702
2.8874018
2.8852365
2.883041
2.8808522
2.8787522
2.8767242
2.874768
2.8728712
2.8710058
2.8691745
2.8673148
2.865476
2.8635013
2.8614092
2.8592913
2.8572714
2.8552608
2.8531682
2.8509805
2.8487375
2.8465395
2.844399
2.8423312
2.8402698
2.838205
2.8361998
2.8341925
2.8322124
2.8322124
2.8301036
2.8279595
2.8257835
2.8236744
2.8215706
2.8194542
2.8173404
2.815074
2.812855
2.8106847
2.8085933
2.8065515
2.8045206
2.8024294
2.8003383
2.7982473
2.796134
2.7940528
2.7919025
2.7897599
2.7876332
2.7855818
2.7836256
2.781723
2.7797446
2.7777917
2.7757487
2.7736638
2.7716095
2.7694628
2.7673275
2.7651596
2.7630363
2.7609684
2.758856
2.7567651
2.7546942
2.7526102
2.7504725
2.748409
2.7462986
2.744181
2.7420392
2.7398589
2.7376451
2.7354665
2.7331727
2.7309296
2.7309296
2.728687
2.7263966
2.7241762
2.722036
2.71988
2.7177796
2.7157044
2.713659
2.711663
2.7096438
2.7076344
2.7055333
2.7034714
2.7013156
2.6992366
2.6972184
2.6951156
2.6930017
2.690836
2.6886995
2.6865923
2.6844702
2.68234
2.6802728
2.678227
2.6761007
2.673951
2.67163
2.6693754
2.667172
2.6650045
2.6628318
2.6606193
2.6583624
2.6561286
2.6538773
2.651679
2.649473
2.6471894
2.644965
2.6427596
2.6405628
2.6381686
2.635695
2.6332643
2.6308913
2.6285439
2.626134
2.626134
2.62377
2.6214237
2.61905
2.6167045
2.6144168
2.6121469
2.6098626
2.6076736
2.6055145
2.6033275
2.6012135
2.599142
2.5969129
2.5947356
2.592608
2.5905275
2.5885549
2.586526
2.5845108
2.5825014
2.58032
2.5779963
2.5757353
2.5734692
2.5713608
2.5693488
2.5673718
2.5653002
2.5633552
2.5614824
2.5597098
2.5579398
2.5560153
2.5540845
2.5522685
2.5504239
2.548464
2.5463498
2.544167
2.5420563
2.5399563
2.5379128
2.5358055
2.5336902
2.5315366
2.529438
2.5273547
2.525311
2.525311
2.523168
2.5210714
2.5191095
2.517154
2.5152173
2.5131123
2.5110052
2.5088658
2.5068574
2.5049548
2.503178
2.5013428
2.499473
2.4977283
2.4960234
2.4942563
2.4923956
2.4905689
2.4887853
2.4869628
2.4851835
2.4834757
2.4815474
2.4796286
2.4777195
2.4758446
2.4739523
2.4722257
2.470531
2.4687643
2.4669461
2.4650593
2.4631388
2.461267
2.4594605
2.4577167
2.4560156
2.4542284
2.4524064
2.450603
2.4487622
2.4467988
2.444878
2.4430351
2.441248
2.4394133
2.4376376
2.4358902
2.4358902
2.4341545
2.4324203
2.43074
2.4290023
2.4271712
2.425363
2.4235857
2.4219193
2.4202814
2.418621
2.4169488
2.4153035
2.413738
2.4121265
2.4102495
2.4083688
2.406588
2.404907
2.403342
2.4018288
2.4002724
2.3987155
2.397159
2.3956256
2.3940752
2.3923826
2.3906543
2.3889816
2.3872807
2.3856168
2.3839555
2.382347
2.380774
2.3792284
2.3776138
2.3758698
2.3741798
2.3725672
2.3709166
2.369347
2.3678317
2.366311
2.3648045
2.3631425
2.3614519
2.3595977
2.357756
2.3561435
2.3561435
2.3546028
2.353123
2.3515584
2.3499277
2.348247
2.3466249
2.3450577
2.343524
2.342053
2.3406458
2.339153
2.3374882
2.3357549
2.334156
2.332625
2.331036
2.3294964
2.3278391
2.326217
2.3246021
2.3229961
2.3213682
2.3198242
2.3183448
2.316919
2.3154252
2.3138719
2.3124125
2.3110478
2.3095043
2.3079662
2.3064659
2.3049812
2.3035502
2.3021853
2.300743
2.2991076
2.2975154
2.2959304
2.2943113
2.2926745
2.2910368
2.289415
2.287791
2.2861392
2.284462
2.2827928
2.281152
2.281152
2.2795954
2.2779443
2.2762325
2.2746704
2.2732434
2.2719316
2.2705765
2.269082
2.2674863
2.265885
2.2642498
2.262669
2.2610044
2.2594318
2.257787
2.256166
2.2545292
2.2528276
2.2511158
2.2493682
2.2477994
2.2461162
2.2446697
2.243266
2.241894
2.240442
2.238868
2.237212
2.2355807
2.2339802
2.232648
2.2312505
2.2297513
2.228348
2.2268972
2.2254045
2.223856
2.22238
2.220808
2.2192056
2.217637
2.2161279
2.2146595
2.2131479
2.2116203
2.2101223
2.2086017
2.207174
2.207174
2.2057533
2.204258
2.2027953
2.2012963
2.1997736
2.1981585
2.1965308
2.1948547
2.1933231
2.191802
2.1902902
2.1888528
2.1874983
2.1860485
2.1844883
2.1829383
2.1813521
2.1798055
2.1780643
2.1764905
2.1750305
2.1735735
2.172142
2.170819
2.1693153
2.1678746
2.1665227
2.1652646
2.1642253
2.1633213
2.1625578
2.1618435
2.1611035
2.1604383
2.1597953
2.1591115
2.158566
2.1579435
2.156951
2.1557815
2.154605
2.1532962
2.1517682
2.1500797
2.1482751
2.1465187
2.144768
2.1430693
2.1430693
2.1414218
2.1397924
2.1381512
2.1364162
2.1346993
2.1330016
2.1313038
2.1295283
2.1275923
2.1255333
2.1234381
2.1213012
2.1190336
2.1166677
2.1143634
2.1120193
2.1097176
2.1074955
2.1053376
2.1030557
2.1007736
2.0984979
2.0962543
2.0940516
2.0918896
2.089788
2.0876918
2.0856068
2.0836358
2.0816274
2.0796938
2.0778239
2.075976
2.0741293
2.0722866
2.0704234
2.0685763
2.0668435
2.065116
2.0633633
2.061727
2.060072
2.058532
2.0570903
2.055607
2.0541635
2.0526302
2.0511034
2.0511034
2.0494792
2.047898
2.0463648
2.04479
2.0432081
2.0415788
2.0400465
2.0385106
2.0370903
2.03576
2.0345066
2.0330682
2.0314755
2.0299067
2.0284839
2.0270774
2.025566
2.0241396
2.0228593
2.0215232
2.0201893
2.0188892
2.0176167
2.0163407
2.0149763
2.0135262
2.012322
2.0110297
2.009725
2.0084615
2.0073056
2.006043
2.0047615
2.0034673
2.0020745
2.0008745
1.9995552
1.9982218
1.9969133
1.9956906
1.9945316
1.9933134
1.9920405
1.9907435
1.9895941
1.9883201
1.9870597
1.9859215
1.9859215
1.9848378
1.9836955
1.9823315
1.9809083
1.9796441
1.9783593
1.9770178
1.9756477
1.9742696
1.973001
1.9717197
1.970447
1.9691691
1.9679196
1.9667208
1.965502
1.9642131
1.9628716
1.9616657
1.9605815
1.9594682
1.9582663
1.9569738
1.9555626
1.9542617
1.9529734
1.9518045
1.9507347
1.9496114
1.9484539
1.9472251
1.9460088
1.9447552
1.9434885
1.9423156
1.9411935
1.9401145
1.9390149
1.9379185
1.9368842
1.9357613
1.9345438
1.9331803
1.9318776
1.9306717
1.9295624
1.9283973
1.9271961
1.9271961
1.9261174
1.9250889
1.9240772
1.9231118
1.9221705
1.9212332
1.9201543
1.9189271
1.917792
1.9167639
1.9157434
1.9146559
1.9135376
1.9125148
1.9114128
1.9102098
1.9090602
1.9078822
1.9066411
1.905403
1.9042205
1.9031496
1.9020562
1.9008249
1.899659
1.8986446
1.8976277
1.8964478
1.8952293
1.8939995
1.8927139
1.8914262
1.8901793
1.8889812
1.8878385
1.886763
1.8855743
1.884411
1.8832501
1.8820325
1.8808448
1.8797143
1.8785888
1.8773446
1.8761173
1.8750123
1.8740275
1.8730558
1.8730558
1.872017
1.8710351
1.8701384
1.8692706
1.8682826
1.86728
1.8662744
1.8652891
1.8644252
1.8633584
1.8623496
1.8613952
1.8604683
1.8593539
1.8582615
1.8571781
1.8561808
1.8550673
1.8539264
1.8528794
1.8518792
1.850814
1.8497311
1.8486108
1.8476982
1.8468665
1.8459932
1.8452839
1.8447007
1.8440783
1.843373
1.8424071
1.8413638
1.8404912
1.839471
1.8383894
1.8375082
1.8366792
1.8358271
1.834814
1.8338691
1.8328424
1.831766
1.8306528
1.829583
1.8284843
1.8274009
1.826311
1.826311
1.825432
1.8244615
1.8233857
1.8223882
1.821389
1.8203235
1.8193055
1.8182895
1.8173019
1.8163912
1.8153286
1.814247
1.8131641
1.8120719
1.8110591
1.8099067
1.8088702
1.8078423
1.8066609
1.8055485
1.8047222
1.8038024
1.8029431
1.8021125
1.8012064
1.8002497
1.7992694
1.7982872
1.7973876
1.7966031
1.7958262
1.795
1.7941321
1.7932397
1.7923776
1.7913834
1.7903696
1.7893611
1.7885842
1.7875878
1.7865051
1.7854664
1.7844604
1.7834569
1.7824612
1.7815603
1.7808594
1.7800593
1.7800593
1.7793379
1.7786088
1.7779562
1.7772924
1.7764872
1.7756727
1.7749122
1.7742025
1.7733995
1.7725579
1.7718538
1.7709637
1.7699779
1.7690731
1.7682396
1.7673478
1.7664006
1.7654289
1.7645266
1.7634895
1.7624128
1.7612823
1.7603307
1.759445
1.7584653
1.757571
1.7566137
1.7555817
1.7544146
1.7532792
1.7523117
1.7513243
1.7502885
1.7491978
1.7482172
1.7473793
1.7465516
1.7460535
1.7455858
1.7450744
1.7445463
1.7438196
1.7430481
1.7421546
1.7412589
1.7404572
1.7397016
1.7388741
1.7388741
1.7379818
1.7372231
1.7366143
1.7361412
1.7356056
1.7349603
1.734395
1.7338557
1.7330986
1.732189
1.7314525
1.7308209
1.7300677
1.7292776
1.7286073
1.7279431
1.7271936
1.7262474
1.7252934
1.7243341
1.7233828
1.7224579
1.7214801
1.7206327
1.7198126
1.7188945
1.7179254
1.7168958
1.7158979
1.7149154
1.7138695
1.712797
1.7117487
1.7107503
1.7096534
1.7085694
1.7075884
1.7065828
1.7055702
1.7045285
1.7036483
1.7029173
1.7021376
1.7011873
1.6999769
1.6989189
1.697907
1.6969788
1.6969788
1.6961523
1.6953468
1.6945956
1.6937121
1.692835
1.6919762
1.6912377
1.6905377
1.689783
1.6890395
1.6882932
1.6873466
1.686301
1.68523
1.684308
1.6834228
1.6824417
1.6814529
1.6804645
1.6796234
1.6786829
1.6778538
1.6770219
1.6761684
1.6753453
1.6746203
1.6739118
1.6731743
1.6724523
1.6716446
1.6707892
1.6699989
1.6693574
1.6688039
1.6681747
1.6674552
1.6667229
1.6659946
1.6652021
1.664367
1.663512
1.6627538
1.6618736
1.6608618
1.660008
1.6591058
1.6581794
1.6572702
1.6572702
1.6564025
1.6555266
1.6546406
1.6536642
1.6527221
1.6518284
1.6509011
1.6499805
1.6490943
1.6482494
1.6474756
1.6466618
1.6457067
1.6447488
1.6439366
1.6430831
1.6421536
1.64122
1.6403924
1.6397012
1.6389132
1.6382325
1.6375135
1.6367826
1.6360785
1.6353476
1.6346768
1.634074
1.6333053
1.6323863
1.6315542
1.6308414
1.6301379
1.6292768
1.6283191
1.6274728
1.6265858
1.6255919
1.6246018
1.6238004
1.6230227
1.6221603
1.6212368
1.6204047
1.6195103
1.6185482
1.6175486
1.6165237
1.6165237
1.6154686
1.6143438
1.6133429
1.6124727
1.6116699
1.6108474
1.6100718
1.6092714
1.6084901
1.6075003
1.6065392
1.6057451
1.605087
1.6044017
1.6036459
1.6028026
1.6019746
1.6011142
1.600273
1.5995479
1.5989656
1.5981017
1.5970936
1.5961312
1.5952722
1.5944158
1.5936431
1.5930119
1.5922703
1.5914903
1.5907685
1.5901395
1.5895231
1.5888202
1.5879482
1.5871488
1.586503
1.5857977
1.5851626
1.5846374
1.5840163
1.5832978
1.5824227
1.5814823
1.5805138
1.5796206
1.5786932
1.5777296
1.5777296
1.5767643
1.5757142
1.5747695
1.5737649
1.5729275
1.5721556
1.5714386
1.5706354
1.5697035
1.5688682
1.568143
1.5675507
1.5669655
1.566483
1.5658954
1.5652534
1.5645589
1.5640832
1.563623
1.5630933
1.5624636
1.5617017
1.5610511
1.5603567
1.5594537
1.558577
1.5576985
1.5567533
1.5557762
1.5548522
1.554019
1.5532916
1.5526423
1.5519401
1.5511866
1.5503592
1.5495708
1.5487552
1.548011
1.5470932
1.5462862
1.5454091
1.5447266
1.5441194
1.5435762
1.542979
1.5422784
1.5414617
1.5414617
1.5406332
1.5398451
1.5393525
1.5388304
1.5382943
1.5377425
1.5372323
1.5364954
1.5357195
1.5348568
1.5340427
1.5332648
1.5325569
1.5318271
1.5312579
1.530608
1.5298573
1.5289552
1.5280713
1.5272566
1.5264864
1.5255548
1.5247433
1.5240351
1.5233802
1.5226604
1.5220532
1.5215118
1.5209689
1.5201933
1.5193598
1.51862
1.5179912
1.5173932
1.5169381
1.5164108
1.5160334
1.5154917
1.5149609
1.5145793
1.5141686
1.5135238
1.5129372
1.5124985
1.5119886
1.5114356
1.5110205
1.5104978
1.5104978
1.5099199
1.5092227
1.508584
1.5080485
1.5074949
1.5068953
1.5063384
1.5058299
1.5051612
1.5045596
1.5039808
1.5032825
1.5025393
1.5018383
1.5011199
1.5004777
1.4997898
1.4991326
1.4986253
1.4981387
1.4975965
1.497038
1.4964675
1.49578
1.494975
1.4942216
1.493513
1.492817
1.4919595
1.4909878
1.4900731
1.4892507
1.4884231
1.487657
1.4868885
1.4861343
1.4852912
1.4844348
1.4837108
1.4832098
1.4827137
1.4822338
1.4816517
1.4811158
1.4804314
1.4797728
1.4791588
1.4786539
1.4786539
1.4780654
1.4774489
1.476829
1.476085
1.4753647
1.4746976
1.4743241
1.4738504
1.4732112
1.4725338
1.4719815
1.4715407
1.470929
1.470248
1.4696609
1.4691793
1.4686704
1.4680238
1.4673637
1.4667704
1.4662206
1.4656483
1.4650859
1.4644989
1.4640441
1.4635378
1.4630069
1.4624612
1.4618427
1.4611675
1.4605815
1.4600557
1.4595113
1.4588851
1.4583281
1.4578161
1.4571735
1.456501
1.455938
1.4553406
1.454688
1.4539312
1.4531183
1.4523462
1.4516482
1.4510832
1.4504622
1.4499546
1.4499546
1.4493936
1.448797
1.4481696
1.4474844
1.4468627
1.4462276
1.4455501
1.4448379
1.4441315
1.4434654
1.4430177
1.442515
1.4420416
1.4415417
1.4409133
1.4404422
1.440204
1.439897
1.4395294
1.4391587
1.4388746
1.438432
1.4378971
1.4374264
1.437031
1.4363946
1.4357424
1.4349855
1.4342802
1.43356
1.4329529
1.4323131
1.4317076
1.4312183
1.4307774
1.4302794
1.4299214
1.4294076
1.4288371
1.4283155
1.4276377
1.4269023
1.4262689
1.4256494
1.4248815
1.4242458
1.423632
1.4229931
1.4229931
1.4224695
1.4219477
1.421559
1.4211162
1.4206768
1.4202985
1.4202536
1.4201063
1.4198712
1.419599
1.4192847
1.4190379
1.4187112
1.4183415
1.4180111
1.4175384
1.4172492
1.4168593
1.4165543
1.416308
1.4161233
1.415856
1.4156225
1.4154686
1.415283
1.4151344
1.4150119
1.41473
1.414463
1.4142549
1.414038
1.4137443
1.4134736
1.4131482
1.4127783
1.4123601
1.4117227
1.4110882
1.4105
1.4098305
1.4091853
1.4086146
1.4082886
1.4078578
1.4075029
1.4071418
1.4068172
1.4064082
1.4064082
1.4059931
1.4056244
1.4052593
1.4048896
1.4045663
1.404253
1.4038182
1.4032123
1.4027811
1.4023724
1.4019096
1.4015968
1.4013025
1.4010822
1.4007956
1.400446
1.4001386
1.3996375
1.3990539
1.398478
1.3979974
1.3977631
1.3975797
1.3974946
1.3974749
1.3973421
1.3972765
1.397098
1.3969887
1.396768
1.3965127
1.3962178
1.3958054
1.3954035
1.3949978
1.3946186
1.3940729
1.3934152
1.3927937
1.3922138
1.3916645
1.3911909
1.3905259
1.3898909
1.3894955
1.389166
1.3887478
1.388387
1.388387
1.3879153
1.3874067
1.3869215
1.3863752
1.3857322
1.3851999
1.3847593
1.3842944
1.3839624
1.3834515
1.382945
1.3825072
1.3820121
1.3814356
1.380904
1.3803113
1.3797731
1.3791012
1.3785481
1.3778832
1.3771809
1.3765748
1.3760978
1.3756332
1.3750858
1.3746642
1.374412
1.3741305
1.3737732
1.3735597
1.37348
1.3732723
1.3731147
1.372809
1.3726126
1.3724192
1.3721741
1.3718174
1.3713183
1.3708286
1.370353
1.369925
1.3695586
1.3691905
1.3690457
1.3690196
1.3687378
1.3684695
1.3684695
1.3683689
1.3682249
1.3679596
1.3676946
1.3672875
1.366834
1.3662415
1.3657321
1.3652709
1.3648709
1.3644621
1.3640093
1.3634974
1.3630491
1.362641
1.3621053
1.3615892
1.3613008
1.3610387
1.360696
1.3602533
1.3599135
1.3596357
1.3593441
1.3590635
1.3587546
1.3584374
1.358167
1.3578374
1.3575774
1.3572927
1.3569298
1.3566617
1.3563893
1.3561612
1.3560367
1.3558131
1.3554713
1.3552003
1.3549447
1.3545332
1.3541917
1.3537626
1.353314
1.3531433
1.3528837
1.352614
1.3523285
1.3523285
1.3519806
1.3516825
1.3512632
1.3507955
1.3504275
1.3499719
1.349517
1.3489002
1.3482984
1.3479614
1.3475648
1.3470559
1.3465629
1.3461282
1.3457267
1.3452448
1.3447562
1.3442351
1.3440423
1.3438371
1.3435984
1.3432664
1.3430485
1.3428886
1.342714
1.3424593
1.3421472
1.3417909
1.3413032
1.3408859
1.3403251
1.3398124
1.3393284
1.3389224
1.3384259
1.3378979
1.3373257
1.336813
1.3362148
1.3356915
1.335234
1.3350012
1.3346329
1.3341656
1.3337247
1.3333795
1.3330787
1.3328419
1.3328419
1.3325219
1.3322831
1.3320842
1.3319291
1.3315806
1.3312795
1.3309021
1.3304712
1.3299242
1.3295245
1.3291463
1.3287762
1.3284044
1.3278217
1.327287
1.3268732
1.3263128
1.3257895
1.3252947
1.3248297
1.3244876
1.3241886
1.3238955
1.3236778
1.3235044
1.3233011
1.3230197
1.3227851
1.3226807
1.3223417
1.3219893
1.3215525
1.3210025
1.3205211
1.3199145
1.3194065
1.3189183
1.3185409
1.3182096
1.3179971
1.3178579
1.3177233
1.3175288
1.3173445
1.3171679
1.3172097
1.3174254
1.3175967
1.3175967
1.3175952
1.317704
1.3176742
1.3176343
1.3174431
1.3172748
1.3170035
1.3167616
1.3163149
1.3158195
1.3154716
1.3152277
1.3149599
1.314685
1.3144829
1.3142241
1.3139316
1.3137244
1.3134937
1.3132089
1.3129058
1.3126469
1.3123842
1.3120687
1.311717
1.3111739
1.3107162
1.3102901
1.3099878
1.3096591
1.309156
1.3087928
1.3088402
1.3087093
1.3084134
1.3081528
1.3079911
1.307639
1.3071994
1.3067619
1.306529
1.3062791
1.3058807
1.3055434
1.3050809
1.3046926
1.3043848
1.3039541
1.3039541
1.3034695
1.3030996
1.3027925
1.3025666
1.3024421
1.3023783
1.3022063
1.3019147
1.3016744
1.3014297
1.3013114
1.3011782
1.3009194
1.3005459
1.3001106
1.2998244
1.2997413
1.2998217
1.3000078
1.3001895
1.3002334
1.300201
1.3002547
1.300344
1.3003309
1.3002843
1.3002733
1.3003024
1.3002753
1.3003563
1.3004869
1.3005313
1.3005013
1.3003355
1.3002692
1.300246
1.3003262
1.3002481
1.3001915
1.3000575
1.2999742
1.2999337
1.2997608
1.2994996
1.2992953
1.299303
1.2991927
1.2990123
1.2990123
1.2989755
1.2987535
1.2983478
1.2980193
1.2978797
1.2977202
1.297804
1.2980105
1.2982081
1.2985005
1.298716
1.2988615
1.2990124
1.2990502
1.2989526
1.2988226
1.2985649
1.2983449
1.2982365
1.2980362
1.2977102
1.2973593
1.2969878
1.2967839
1.2966073
1.2963529
1.2961942
1.295921
1.2956344
1.2953111
1.2949901
1.2946794
1.2943548
1.2940358
1.2938077
1.2935549
1.2932544
1.2929332
1.2926356
1.2921996
1.2916745
1.2909753
1.290447
1.2900932
1.2897695
1.2894641
1.2891867
1.289109
1.289109
1.2889142
1.288813
1.2886174
1.2884313
1.2882607
1.2882915
1.2881052
1.2880212
1.2880175
1.2879976
1.287775
1.287389
1.2869389
1.2865859
1.2861878
1.2858033
1.2854532
1.2851217
1.2849709
1.2845718
1.2839723
1.2832388
1.2827746
1.2825317
1.2824485
1.2822382
1.2819247
1.2818707
1.2817483
1.2814829
1.2812341
1.2809948
1.2808026
1.2806497
1.280586
1.2804846
1.2802559
1.2800319
1.2798969
1.2796937
1.2793801
1.2792057
1.2790798
1.2790009
1.278849
1.2786756
1.2784172
1.278146
1.278146
1.2778054
1.277415
1.2770483
1.2767925
1.2765452
1.2762806
1.2762712
1.2761909
1.2760727
1.2758399
1.2755404
1.2753438
1.2751718
1.2750654
1.2748076
1.2746447
1.2745154
1.2744303
1.2742363
1.2738314
1.2735009
1.2731824
1.2727569
1.2722695
1.2719805
1.2718029
1.2715347
1.2713188
1.2710065
1.2707866
1.2705998
1.2704319
1.2701436
1.2698013
1.2693621
1.2689906
1.268787
1.268591
1.2683495
1.2679621
1.2675272
1.2671505
1.266685
1.2662742
1.2658433
1.2655417
1.265319
1.2650073
1.2650073
1.2647334
1.2643988
1.2640272
1.2637689
1.2635188
1.2632003
1.2627828
1.2624694
1.2621866
1.2619848
1.2617232
1.261299
1.2610202
1.2607639
1.2604034
1.2600969
1.2597635
1.2594937
1.2591517
1.2586545
1.2581724
1.2577224
1.2573253
1.2569957
1.2566322
1.2563152
1.2562754
1.256357
1.2565112
1.2565132
1.2563964
1.2563677
1.2564209
1.2564495
1.2564032
1.2563974
1.2563206
1.2560745
1.2558725
1.2555672
1.2552514
1.254943
1.2546585
1.2544323
1.2543063
1.254056
1.2537878
1.253602
1.253602
1.2534525
1.2532862
1.2532555
1.253109
1.2529634
1.2530758
1.2532408
1.2535628
1.2538075
1.2540096
1.2540644
1.254078
1.2541442
1.254052
1.2538248
1.2536197
1.253384
1.2530634
1.2527816
1.2525885
1.2524452
1.2524033
1.2523685
1.2522981
1.2523565
1.2524812
1.2525069
1.2525913
1.2526131
1.2525649
1.2525119
1.2523609
1.2523551
1.2524846
1.2524765
1.2523412
1.2521764
1.2520101
1.2517796
1.2515242
1.2513254
1.251077
1.2508464
1.2505673
1.2502768
1.2499583
1.2496849
1.2494118
1.2494118
1.2492182
1.2490773
1.2489345
1.2487495
1.2486326
1.2486043
1.2486428
1.2485445
1.2486776
1.2487897
1.2488647
1.2488037
1.2487255
1.24846
1.2481477
1.2478428
1.247384
1.2468731
1.2464591
1.245986
1.245364
1.2447369
1.2440413
1.243369
1.24271
1.2420639
1.2415164
1.2411867
1.2408931
1.2405488
1.2402657
1.2399913
1.2397131
1.2393925
1.2391114
1.2388613
1.2385616
1.2381331
1.2376906
1.237377
1.2371485
1.2367977
1.2364345
1.2362354
1.2362605
1.2359697
1.2361312
1.2361436
1.2361436
1.2362881
1.2365191
1.2367333
1.2368324
1.2369424
1.237309
1.2377077
1.2381412
1.2384369
1.2386111
1.2387822
1.2388339
1.23894
1.239001
1.2390519
1.2390739
1.2389284
1.2387581
1.2386931
1.2387786
1.2388424
1.2388813
1.2389311
1.2388265
1.2387531
1.2386857
1.2385913
1.2385092
1.2384034
1.2382988
1.2380966
1.2378337
1.2375644
1.2375232
1.2375844
1.2375702
1.2374294
1.2373478
1.2373314
1.2371355
1.2368879
1.2366236
1.2364466
1.2363422
1.2362427
1.2361468
1.235921
1.2358215
1.2358215
1.2358893
1.2358605
1.2357392
1.2356203
1.2354534
1.2353737
1.2353574
1.2352455
1.2353429
1.2355456
1.2356321
1.2356558
1.235726
1.2358588
1.2359641
1.2361188
1.2361252
1.2361232
1.2361478
1.2361507
1.236164
1.236294
1.236484
1.2366397
1.2367953
1.2367764
1.2366645
1.2364979
1.2364159
1.2362088
1.2360137
1.236014
1.2360349
1.2359563
1.235933
1.2359434
1.2359109
1.2357244
1.2353375
1.2349297
1.2346983
1.2344215
1.2339593
1.2334313
1.2331913
1.2329172
1.2327812
1.232638
1.232638
1.2324833
1.232284
1.2320783
1.2318949
1.2317492
1.2315663
1.2313914
1.231469
1.2314193
1.2313653
1.2313566
1.2313999
1.2313759
1.2312347
1.2310616
1.2309848
1.2309145
1.2306796
1.2302853
1.2299496
1.2296531
1.229376
1.2292019
1.228858
1.2284796
1.2281268
1.2279217
1.2278032
1.2275792
1.2274524
1.2273812
1.2272351
1.2271882
1.2270793
1.2270216
1.2270389
1.227108
1.2269044
1.2265671
1.2261664
1.2258213
1.2253896
1.2249749
1.2245988
1.2243714
1.224211
1.2239927
1.2236794
1.2236794
1.2234327
1.2232294
1.223137
1.2231407
1.2230014
1.2228903
1.2227727
1.2228096
1.2227079
1.2225302
1.222422
1.2223958
1.2224731
1.2225018
1.2225195
1.22264
1.2227294
1.2227103
1.2225331
1.222342
1.2221605
1.2219905
1.2218527
1.2217743
1.2216806
1.2214413
1.2212254
1.2211088
1.2210741
1.220963
1.2208482
1.2207817
1.2205698
1.2203448
1.2201562
1.2203512
1.220667
1.2207525
1.2206244
1.2207476
1.220988
1.2212654
1.2214537
1.2215798
1.2216797
1.2217493
1.2218117
1.2216247
1.2216247
1.2213327
1.2211633
1.2211853
1.2210873
1.2208409
1.220452
1.2200128
1.2198952
1.2196527
1.2192934
1.2189534
1.218594
1.2183064
1.2179259
1.2175062
1.2172925
1.217081
1.2169505
1.2166326
1.216259
1.2160348
1.2157236
1.2153903
1.2152182
1.2150437
1.2149751
1.214926
1.214818
1.2148521
1.2150414
1.2152842
1.2153677
1.2152007
1.2151567
1.2149636
1.2147969
1.2146691
1.2147907
1.2150112
1.2150472
1.21494
1.2148287
1.2147166
1.2145538
1.2143853
1.2142582
1.2142977
1.2142655
1.2142655
1.2141851
1.214179
1.2140902
1.2139136
1.2135533
1.2132347
1.2128764
1.2125336
1.2120461
1.2115406
1.2113098
1.2112764
1.2112209
1.2112367
1.211185
1.2112298
1.2112565
1.2113047
1.2113054
1.2113752
1.2114359
1.2114637
1.2113875
1.2114046
1.2115073
1.211614
1.2117997
1.2120979
1.2122681
1.2123547
1.212369
1.2124275
1.2124755
1.2124012
1.2124369
1.2125564
1.2127056
1.2128555
1.2128899
1.2129064
1.212851
1.2127957
1.212727
1.2127962
1.2129889
1.2131839
1.213301
1.2132779
1.2132779
1.213266
1.2133032
1.2134488
1.2135681
1.2136672
1.2136736
1.2136272
1.2134956
1.2131692
1.2127845
1.2125311
1.21226
1.2121052
1.2120376
1.2119396
1.2118514
1.2116565
1.2114791
1.2111739
1.211049
1.210963
1.2107452
1.2106582
1.2106079
1.2105565
1.2105767
1.2105861
1.210496
1.2103478
1.2101873
1.2101396
1.2100866
1.2101938
1.2103451
1.210479
1.2106297
1.2105988
1.210666
1.2107612
1.2108299
1.2108666
1.210983
1.2110878
1.2113609
1.2117552
1.2120843
1.212366
1.2127278
1.2127278
1.2130897
1.213498
1.2137771
1.2138981
1.2139204
1.213773
1.2136319
1.2135432
1.2135676
1.2136245
1.2137914
1.2139544
1.2140976
1.214258
1.2144307
1.2146025
1.2147135
1.2147335
1.214646
1.2145427
1.2146521
1.2147249
1.2148033
1.2148235
1.2146245
1.2143513
1.2140727
1.2136726
1.2132195
1.2127051
1.2122287
1.2118174
1.2115744
1.2113857
1.2111493
1.2108585
1.2104287
1.2097886
1.2093018
1.2088722
1.2082936
1.2077047
1.2072018
1.2069701
1.2068504
1.2067639
1.206722
1.2066736
1.2066736
1.2066339
1.2066542
1.2065401
1.2062656
1.2060311
1.2057991
1.2054664
1.2051822
1.2049104
1.2046825
1.2045417
1.2043555
1.2042114
1.2041405
1.2041854
1.2041882
1.2041601
1.2041937
1.2042587
1.2043867
1.2046555
1.2048998
1.2053695
1.2059335
1.2061943
1.206464
1.2068679
1.2070351
1.2072204
1.2075075
1.207729
1.2078538
1.2078418
1.207735
1.2076871
1.2075915
1.2074842
1.2074144
1.2074784
1.2075555
1.2074801
1.2073205
1.2073082
1.2072167
1.207188
1.2070771
1.2068807
1.206666
1.206666
1.2065939
1.2065871
1.2067413
1.2068139
1.2069278
1.2071021
1.2071457
1.2070901
1.2071731
1.207339
1.2074461
1.2074132
1.2073507
1.2071435
1.207192
1.207261
1.2072921
1.2072887
1.2071829
1.206933
1.2066036
1.206327
1.2061995
1.2060057
1.2058245
1.2058142
1.205653
1.2054299
1.2052877
1.2051395
1.2050843
1.2049394
1.2046145
1.2043446
1.2041556
1.2040305
1.2039918
1.2038186
1.2037091
1.2034726
1.2031528
1.2028574
1.2026273
1.2024379
1.2023247
1.2022038
1.2020166
1.2018241
1.2018241
1.2016752
1.2016565
1.2015934
1.2015705
1.2015299
1.2014908
1.2015661
1.201674
1.2017688
1.201822
1.2018348
1.2019047
1.2020963
1.2022256
1.2022593
1.202523
1.2028482
1.2030947
1.2031766
1.203336
1.2035724
1.2037486
1.2038286
1.2039706
1.2042332
1.2045755
1.2047793
1.2049009
1.2050112
1.2051069
1.2049787
1.2049049
1.2046996
1.2046368
1.2045567
1.2043957
1.2040887
1.203788
1.2037219
1.2036432
1.2034944
1.2034134
1.203489
1.203491
1.203482
1.2033901
1.2032707
1.2031417
1.2031417
1.2030064
1.2028288
1.2026039
1.2024881
1.2024316
1.2022401
1.2020066
1.2017424
1.2014698
1.2013403
1.2010285
1.2007605
1.2005959
1.2005545
1.200372
1.2000616
1.199965
1.1997424
1.1995733
1.1993873
1.199072
1.1989373
1.1988628
1.1988366
1.1987399
1.1986685
1.198531
1.198475
1.1983719
1.1982871
1.1983541
1.1986678
1.198816
1.198969
1.1990966
1.1991454
1.199186
1.1990733
1.1989464
1.1986816
1.1983848
1.1981267
1.197906
1.1976484
1.1973926
1.1973958
1.1975154
1.1974679
1.1974679
1.1973042
1.1970901
1.1969135
1.1966597
1.1962521
1.195847
1.1955286
1.1954135
1.1952769
1.1951514
1.1951979
1.1953344
1.195468
1.1956155
1.1956793
1.1956269
1.1957242
1.1959786
1.1962539
1.1963012
1.196394
1.1965905
1.1968287
1.1968888
1.1967263
1.1965528
1.1964799
1.1962627
1.1960144
1.1957309
1.1955858
1.1953536
1.1952013
1.1948926
1.1947473
1.1947315
1.1947771
1.1948926
1.1949264
1.1949393
1.1948488
1.194638
1.1944647
1.19426
1.1939646
1.1939205
1.1939833
1.1939757
1.1939757
1.1939237
1.1939669
1.1939995
1.1940458
1.1941553
1.1944494
1.1947389
1.1949292
1.1950753
1.1951196
1.1950985
1.1950372
1.1948564
1.1945986
1.1942463
1.1940618
1.1938835
1.1936663
1.1933594
1.1931809
1.1929867
1.1926675
1.1921605
1.1916934
1.1912901
1.1910757
1.1907691
1.1904262
1.1900446
1.1899209
1.1898668
1.1897168
1.1897976
1.189731
1.1895751
1.1893712
1.1892328
1.1889611
1.188698
1.1885464
1.1885017
1.1886169
1.1886855
1.1886057
1.188464
1.1884322
1.1883891
1.1883996
1.1883996
1.1883119
1.1883885
1.1884655
1.1885607
1.1884186
1.1883875
1.1884184
1.1884404
1.1883305
1.1882093
1.1880153
1.1878511
1.1878086
1.1877239
1.1874586
1.1874273
1.1873138
1.1872474
1.1872022
1.1871458
1.1871005
1.1870124
1.1868929
1.1871264
1.1872101
1.1872853
1.1872103
1.1872622
1.1872815
1.18716
1.187136
1.1870962
1.1870372
1.1870939
1.1871561
1.1872673
1.1873024
1.1871023
1.1868947
1.1867726
1.1866682
1.1864821
1.1865251
1.1865648
1.1865448
1.1865338
1.1864914
1.1864386
1.1864386
1.1864012
1.1862394
1.1860555
1.1857862
1.185501
1.1852912
1.1850706
1.1848831
1.1847237
1.184591
1.1843442
1.1841009
1.1840684
1.1838506
1.18344
1.1829543
1.1824901
1.1820962
1.181803
1.1816577
1.1815451
1.181398
1.1813478
1.1810886
1.1808329
1.1807235
1.1806644
1.1807604
1.1807952
1.1808673
1.1808007
1.1806914
1.1807735
1.1809431
1.1809957
1.1809046
1.1809372
1.1809031
1.1810324
1.1810704
1.1811264
1.1810727
1.1811177
1.181142
1.1811311
1.181378
1.1816405
1.1819874
1.1819874
1.1823472
1.1825
1.1825452
1.1824028
1.1824181
1.1824881
1.1826183
1.1827601
1.1829603
1.1830119
1.1830995
1.1833563
1.1834315
1.1833997
1.1833922
1.1834232
1.1835569
1.1836475
1.183631
1.183692
1.183759
1.1838126
1.1836894
1.1835419
1.1832998
1.1830993
1.1829072
1.1827404
1.182432
1.1820792
1.1816684
1.1812347
1.1809133
1.180614
1.1802669
1.1799397
1.1795651
1.1791446
1.1787143
1.1786053
1.1785089
1.1781706
1.1777775
1.1775242
1.1772523
1.1770734
1.1769148
1.1767373
1.1767373
1.1767049
1.1767861
1.1768682
1.1767292
1.1764101
1.1761316
1.1759613
1.1759069
1.175902
1.1757576
1.1755131
1.1753542
1.1753932
1.1755334
1.1754171
1.1753305
1.1753491
1.1754044
1.1754858
1.1755517
1.1756644
1.1757181
1.1760087
1.1762859
1.1764287
1.176505
1.1765581
1.1766452
1.1767215
1.1767333
1.1766326
1.1765233
1.1765435
1.1764188
1.1761776
1.1760523
1.1759295
1.1758658
1.1757656
1.1756034
1.17554
1.1754619
1.1753852
1.1754059
1.1754102
1.1752512
1.1750506
1.174946
1.174946
1.1749083
1.174698
1.1745499
1.1743816
1.1742953
1.1742524
1.1741331
1.1740174
1.1738459
1.1736685
1.173454
1.173281
1.1731032
1.1729137
1.1726363
1.172343
1.1719629
1.1715391
1.1710335
1.170495
1.1701369
1.1697409
1.1692793
1.1687914
1.1682646
1.1679354
1.1676306
1.1675146
1.1674821
1.1675724
1.167665
1.1678251
1.1679686
1.168096
1.1683398
1.1685569
1.1686001
1.1685629
1.1684906
1.168491
1.1684695
1.1683939
1.1683307
1.168414
1.1684911
1.1686547
1.168762
1.1688137
1.1688137
1.1687603
1.1688199
1.1688647
1.1689316
1.1689824
1.1690505
1.169112
1.1692482
1.1694152
1.1694846
1.1694388
1.1693772
1.1693411
1.1693048
1.1693695
1.1694324
1.1694643
1.1694254
1.1694189
1.1695356
1.1697006
1.1699334
1.1701218
1.1701977
1.1703751
1.1705472
1.1706197
1.1706704
1.170788
1.1709207
1.1709986
1.1711359
1.1711965
1.1712918
1.1712414
1.1712136
1.171211
1.1712577
1.1712328
1.1711555
1.1709855
1.1707875
1.1707048
1.1706718
1.1706342
1.1705626
1.1705637
1.1705112
1.1705112
1.1705068
1.1705414
1.1704922
1.1703293
1.1701883
1.1700871
1.1700325
1.1700461
1.1700355
1.1700907
1.1701413
1.1702772
1.1704093
1.1705968
1.1707578
1.1709069
1.1711535
1.1713691
1.1715977
1.1717584
1.1719179
1.1720957
1.1722285
1.172219
1.1721445
1.1721474
1.1721454
1.1721002
1.1719939
1.1718094
1.1715971
1.1715853
1.1715459
1.1715164
1.1714823
1.1714886
1.171397
1.1712239
1.1710579
1.1707673
1.17046
1.1702292
1.1701801
1.170199
1.1703148
1.1704185
1.1704389
1.1704739
1.1704739
1.1705918
1.170726
1.1708268
1.1708174
1.1707929
1.1707295
1.1707554
1.1708021
1.1708779
1.170948
1.1710031
1.1710079
1.1709995
1.1709743
1.1709269
1.1709824
1.1710191
1.1709926
1.1709588
1.1708761
1.1707495
1.1707114
1.1706698
1.1706034
1.1705859
1.1704813
1.170371
1.1702676
1.1702183
1.1702262
1.1701714
1.1700687
1.1699768
1.1700906
1.1702365
1.1702977
1.1703007
1.1703211
1.1703542
1.1703761
1.1704022
1.1704068
1.1703616
1.1703832
1.1703923
1.1705465
1.170719
1.1708255
1.1708255
1.1708705
1.1708972
1.1708505
1.1707717
1.1707588
1.1707594
1.1707454
1.1707298
1.1706729
1.1705418
1.170412
1.1703002
1.1702733
1.1702826
1.1703109
1.1702532
1.1701043
1.1699482
1.1698174
1.1696941
1.1695931
1.169496
1.1694041
1.1693786
1.169391
1.1693606
1.1693391
1.1692487
1.1691418
1.1690619
1.1689581
1.1688628
1.1688324
1.1688384
1.1689222
1.169061
1.1691829
1.1692257
1.1692146
1.1691624
1.16907
1.1690508
1.1690452
1.1690162
1.1689761
1.1689339
1.1689022
1.168866
1.168866
1.1688526
1.1688771
1.168894
1.1689422
1.1689485
1.1689637
1.1689657
1.1689905
1.1690694
1.169117
1.1691058
1.1691041
1.1691121
1.1691163
1.1690787
1.1690365
1.168975
1.1688833
1.1687801
1.168711
1.1687053
1.168663
1.1685928
1.1685659
1.168547
1.1685685
1.1685951
1.1685824
1.1685956
1.1686145
1.168667
1.1686777
1.1686296
1.1686149
1.1685714
1.1685607
1.1685362
1.168516
1.1684695
1.1684685
1.1684275
1.1683581
1.1683203
1.1682472
1.168204
1.1682365
1.1682564
1.1681936
1.1681936
1.1681598
1.1681095
1.1680849
1.1680541
1.1680905
1.168133
1.1681882
1.1682355
1.1683284
1.1684393
1.1684873
1.1684994
1.1684625
1.1684241
1.1683897
1.1684023
1.1684484
1.1685134
1.1685878
1.1686536
1.1686604
1.1686708
1.1686903
1.1687088
1.168695
1.1686522
1.1686327
1.1685896
1.1685046
1.1684167
1.1683122
1.1682389
1.1682309
1.1682447
1.1682212
1.168223
1.1682153
1.1682215
1.1682194
1.1682212
1.1682034
1.1681604
1.1681101
1.168075
1.1680279
1.1679884
1.1679708
1.1679622
1.1679622
1.1679629
1.1679567
1.1679157
1.1678729
1.1678289
1.1677842
1.1677701
1.1678082
1.1678518
1.167908
1.167951
1.1679738
1.1680037
1.1680607
1.1680954
1.1680956
1.1680595
1.1680359
1.1680256
1.1680195
1.1679913
1.1679795
1.1679845
1.1679733
1.1679568
1.1679507
1.1679695
1.1679826
1.167993
1.168021
1.1680783
1.1681352
1.168171
1.1681879
1.1682081
1.1682312
1.1682351
1.1682628
1.168283
1.1682931
1.1683159
1.1683538
1.1683651
1.1684029
1.1684223
1.1684127
1.168417
1.1684213
1.1684213
1.168415
1.1684124
1.1684183
1.1684296
1.1684359
1.1684418
1.1684431
1.1684237
1.1683812
1.1683577
1.1683369
1.1683235
1.1683142
1.1683239
1.1683315
1.1683514
1.1683681
1.1683799
1.1683861
1.1684012
1.1684201
1.1684396
1.1684451
1.1684321
1.1684198
1.1684104
1.1683998
1.1683693
1.168344
1.1683171
1.1682965
1.1682849
1.1682708
1.1682471
1.1682334
1.1682138
1.1681875
1.1681671
1.168142
1.1681142
1.1680925
1.1680642
1.1680428
1.1680251
1.1680112
1.1679959
1.1679932
1.1679893
1.388387
