0.0
-1.4349596e-05
0.00012732351
0.0006694029
0.0013078471
0.0019349963
0.002615909
0.003348694
0.0040716655
0.004825232
0.0056045675
0.0063655535
0.007172116
0.007982153
0.008820533
0.009695387
0.010596425
0.011508701
0.012462146
0.013456939
0.01448601
0.015489693
0.016519127
0.01724983
0.017442223
0.017368443
0.017061833
0.016449673
0.015714798
0.014858606
0.013907051
0.012878693
0.011826132
0.010788719
0.009741741
0.0087977415
0.007888235
0.007039796
0.006259929
0.00559063
0.004971886
0.004398788
0.003923111
0.0035299463
0.0032356807
0.0029795126
0.002741701
0.0024597228
0.0021853722
0.0021853722
0.0019733245
0.0016916005
0.0013168398
0.00094276335
0.0004773784
0.00012399931
-0.00021475319
-0.00071183516
-0.0012694856
-0.001938307
-0.0026397267
-0.0034480973
-0.004277461
-0.0050716414
-0.0058777193
-0.006541109
-0.0072406395
-0.007938534
-0.008597716
-0.0092392545
-0.0098394
-0.010308409
-0.010736673
-0.011191246
-0.0116903735
-0.012100254
-0.01254414
-0.012974379
-0.01342405
-0.013887086
-0.014303815
-0.014692403
-0.015101252
-0.015530953
-0.015942534
-0.016400052
-0.016807064
-0.01718635
-0.017555283
-0.01796559
-0.01837955
-0.018742159
-0.019085951
-0.019389508
-0.019749777
-0.020147167
-0.020407353
-0.020570172
-0.020570172
-0.020693678
-0.020571504
-0.020540595
-0.020942178
-0.021880355
-0.022958474
-0.024332631
-0.025817497
-0.027455717
-0.029135706
-0.030949112
-0.032876167
-0.03489372
-0.03691936
-0.038977873
-0.041088797
-0.04318338
-0.045342345
-0.04747527
-0.049668316
-0.051895794
-0.054144476
-0.056428827
-0.058599077
-0.060622092
-0.06269619
-0.06485204
-0.067074336
-0.06929094
-0.07155593
-0.07377684
-0.075933166
-0.077964924
-0.08005874
-0.08217333
-0.08426019
-0.08632701
-0.088491954
-0.09073496
-0.09303494
-0.095385335
-0.097736746
-0.10004084
-0.10234977
-0.104642674
-0.10699458
-0.10940777
-0.11177002
-0.11177002
-0.11409426
-0.11625787
-0.11847205
-0.12048246
-0.12260235
-0.12484198
-0.12708616
-0.12925027
-0.13129684
-0.13314922
-0.13502744
-0.1368777
-0.13868815
-0.14064692
-0.14251953
-0.14437047
-0.14620294
-0.14803582
-0.14991255
-0.1517145
-0.15356472
-0.15525416
-0.15676612
-0.15833184
-0.15978095
-0.16112845
-0.16244766
-0.16373333
-0.16504523
-0.16620244
-0.16731888
-0.16858289
-0.16977224
-0.17108034
-0.17234807
-0.17347793
-0.17461574
-0.17568131
-0.17673767
-0.17787264
-0.17902483
-0.18025622
-0.18151248
-0.18272091
-0.18387254
-0.18501782
-0.18613593
-0.1871907
-0.1871907
-0.18836996
-0.18955553
-0.19067988
-0.19184549
-0.19302441
-0.19419903
-0.19533342
-0.19646162
-0.19761126
-0.19870642
-0.19980761
-0.20096399
-0.2019006
-0.20279644
-0.20371974
-0.20452729
-0.20529701
-0.20599595
-0.20661123
-0.20712659
-0.20772284
-0.2082302
-0.20886439
-0.2096098
-0.21031703
-0.21108419
-0.21175796
-0.21242167
-0.21315786
-0.21396075
-0.21490337
-0.21584038
-0.21672429
-0.21748388
-0.21819726
-0.21890025
-0.21960261
-0.22046046
-0.22116487
-0.22192042
-0.2224974
-0.22277176
-0.22283953
-0.22298332
-0.22308905
-0.22329132
-0.22342603
-0.22350755
-0.22350755
-0.223637
-0.2237778
-0.22387864
-0.22384833
-0.22361015
-0.22340433
-0.22331107
-0.22318546
-0.22291926
-0.22273396
-0.22275798
-0.22282518
-0.22284065
-0.22277732
-0.2226837
-0.22250876
-0.22228634
-0.22197895
-0.22174431
-0.22153527
-0.22116943
-0.22079057
-0.22056727
-0.22031736
-0.22018926
-0.22006714
-0.22004144
-0.22015095
-0.2202408
-0.22029191
-0.22030705
-0.22034553
-0.22032642
-0.2201901
-0.22009666
-0.22026458
-0.22047114
-0.22079663
-0.22096854
-0.221068
-0.22084999
-0.22068475
-0.22009195
-0.21997614
-0.22017431
-0.22043967
-0.2206992
-0.2209766
-0.2209766
-0.22129738
-0.22162485
-0.22202276
-0.22244549
-0.2228478
-0.22321552
-0.22358486
-0.22389375
-0.22414784
-0.2244441
-0.2247317
-0.22505811
-0.2250811
-0.22499079
-0.22492695
-0.22456309
-0.22427331
-0.22406499
-0.22386861
-0.22378641
-0.22381943
-0.22400162
-0.22413401
-0.22420055
-0.22422038
-0.22409776
-0.22394626
-0.22370659
-0.2233196
-0.2230694
-0.22281595
-0.22254273
-0.22225654
-0.22204287
-0.22190332
-0.22174616
-0.22132254
-0.22098497
-0.22069918
-0.22041143
-0.2203394
-0.22042957
-0.2203954
-0.22026338
-0.22008692
-0.22002597
-0.21993528
-0.21987323
-0.21987323
-0.21990892
-0.22004806
-0.21996821
-0.22003655
-0.21982658
-0.21962799
-0.21918984
-0.21889374
-0.21846719
-0.21812333
-0.21789154
-0.21757804
-0.21729784
-0.21726547
-0.2169357
-0.21661608
-0.21621862
-0.2158397
-0.21544993
-0.21505082
-0.21474737
-0.214394
-0.21436745
-0.21450718
-0.21476366
-0.21500687
-0.21519282
-0.21524024
-0.215318
-0.21503991
-0.2147859
-0.2144615
-0.21423943
-0.21378686
-0.21326494
-0.21267372
-0.21229121
-0.21212247
-0.21181647
-0.21167181
-0.21155037
-0.21142319
-0.211211
-0.21123748
-0.21095835
-0.21086308
-0.21089804
-0.21076448
-0.21076448
-0.21065542
-0.21027854
-0.20994702
-0.20993847
-0.20995535
-0.20998105
-0.20987146
-0.20983525
-0.20927522
-0.20877196
-0.20825559
-0.20796862
-0.2077681
-0.20748216
-0.20721187
-0.20704818
-0.2068837
-0.20669709
-0.20650484
-0.20606326
-0.20560738
-0.2049995
-0.20429148
-0.2036693
-0.20304568
-0.20215079
-0.20145705
-0.20072082
-0.20001751
-0.19934633
-0.1985948
-0.1977221
-0.1968145
-0.19584355
-0.19505328
-0.19431672
-0.19355561
-0.192864
-0.192233
-0.1917695
-0.1914681
-0.19116434
-0.1908928
-0.19059093
-0.19034381
-0.19036417
-0.1903524
-0.19048412
-0.19048412
-0.19059734
-0.19043824
-0.19030322
-0.19002496
-0.18971968
-0.18942194
-0.18912272
-0.18891531
-0.18878807
-0.18875265
-0.18855575
-0.18842962
-0.18836056
-0.18822826
-0.18795583
-0.1877646
-0.18764213
-0.18743567
-0.18713515
-0.18674134
-0.18606314
-0.1852894
-0.18481487
-0.18428203
-0.18405959
-0.18392394
-0.18375976
-0.183627
-0.18361422
-0.18354006
-0.18337858
-0.18315993
-0.1826227
-0.18209583
-0.18161494
-0.18114091
-0.18046816
-0.1797908
-0.17928876
-0.17895813
-0.17862749
-0.17826462
-0.17798604
-0.17758271
-0.17725427
-0.17686269
-0.1765733
-0.17636734
-0.17636734
-0.17610839
-0.17603175
-0.17599377
-0.17585592
-0.17570901
-0.17558734
-0.17548072
-0.17546542
-0.1749122
-0.17452624
-0.17399065
-0.17372875
-0.17350818
-0.17340681
-0.17301486
-0.17285615
-0.17250998
-0.17188989
-0.1713738
-0.17064129
-0.16997679
-0.16930605
-0.16866444
-0.16804098
-0.1675474
-0.16692327
-0.16628045
-0.16565756
-0.16504575
-0.16453585
-0.16395637
-0.16294043
-0.16201034
-0.1613113
-0.16064714
-0.16002204
-0.15944514
-0.15887685
-0.15812708
-0.1574749
-0.15699738
-0.15664048
-0.15606162
-0.15554284
-0.15489572
-0.15432055
-0.15346435
-0.15252645
-0.15252645
-0.15146887
-0.15045567
-0.14967725
-0.1489416
-0.14833598
-0.14779568
-0.14703119
-0.14609422
-0.14532608
-0.14454672
-0.14383595
-0.14301482
-0.1422887
-0.14163347
-0.14089663
-0.14011581
-0.13948008
-0.13882114
-0.13835365
-0.1379268
-0.13744529
-0.13695092
-0.13630165
-0.13574493
-0.13505116
-0.13422376
-0.13344418
-0.13261569
-0.13181807
-0.13100643
-0.13030405
-0.1296046
-0.12881468
-0.12812726
-0.12763947
-0.12713617
-0.12674606
-0.12635405
-0.12577775
-0.12535521
-0.12506087
-0.124836765
-0.124649085
-0.12448206
-0.12429587
-0.124215625
-0.12415731
-0.12408163
-0.12408163
-0.12412758
-0.12412973
-0.124168366
-0.1241023
-0.123997815
-0.12383214
-0.12369298
-0.1234243
-0.123091385
-0.12282371
-0.12229014
-0.121770136
-0.1214728
-0.12094831
-0.12029688
-0.11971398
-0.11910237
-0.118499264
-0.1179657
-0.11753763
-0.11714492
-0.11675756
-0.11648525
-0.11617506
-0.1159095
-0.115412235
-0.11477073
-0.11398346
-0.11321106
-0.11251193
-0.111962184
-0.111350164
-0.1107025
-0.11012785
-0.10967779
-0.10931771
-0.1089296
-0.10853043
-0.10810032
-0.1076996
-0.10720422
-0.10689899
-0.106645346
-0.10615853
-0.1055263
-0.104997
-0.1041759
-0.103387035
-0.103387035
-0.102722965
-0.102002226
-0.10121386
-0.10043446
-0.099816814
-0.09931197
-0.099098004
-0.098729715
-0.09823762
-0.09757937
-0.0972449
-0.096905544
-0.09634227
-0.095941186
-0.095531434
-0.09525846
-0.09485361
-0.09439107
-0.093882315
-0.09341917
-0.09300128
-0.092658736
-0.09232512
-0.09209712
-0.09197292
-0.09184935
-0.09166703
-0.09145263
-0.09110895
-0.09074399
-0.09028035
-0.08983098
-0.08935883
-0.08896838
-0.08861446
-0.088132605
-0.08770601
-0.08700853
-0.0864833
-0.086033456
-0.08532897
-0.08460312
-0.08401848
-0.08358772
-0.083211794
-0.08254376
-0.08178809
-0.08113965
-0.08113965
-0.08079053
-0.080408216
-0.08009903
-0.07952486
-0.07897562
-0.07848004
-0.07812288
-0.0778124
-0.07765506
-0.077423975
-0.0771555
-0.07678566
-0.076482795
-0.076405935
-0.076372
-0.07624633
-0.07609882
-0.07581021
-0.07548623
-0.07518666
-0.07497839
-0.07481179
-0.07473058
-0.07456987
-0.074384026
-0.07413266
-0.07400293
-0.073805325
-0.07329812
-0.07283695
-0.07235707
-0.07191758
-0.07155403
-0.071259424
-0.07100802
-0.070816234
-0.07035976
-0.07005943
-0.06982129
-0.069669046
-0.06946968
-0.06890563
-0.06847057
-0.06822996
-0.06810219
-0.06808871
-0.06794892
-0.068029515
-0.068029515
-0.06807676
-0.06817207
-0.06824957
-0.068339035
-0.06838972
-0.06840142
-0.06819527
-0.067954384
-0.06768623
-0.06743008
-0.067225285
-0.066902004
-0.06670256
-0.06668198
-0.066740125
-0.06671679
-0.06656054
-0.06629419
-0.06601664
-0.06564074
-0.06530439
-0.06486751
-0.06433929
-0.06381408
-0.06326608
-0.06277341
-0.062286146
-0.061881237
-0.061443508
-0.061030224
-0.06059391
-0.060316395
-0.060237654
-0.06010908
-0.05975476
-0.059142347
-0.058676843
-0.058365077
-0.057935562
-0.057657044
-0.05738213
-0.056948796
-0.056438647
-0.055671383
-0.054957338
-0.053885225
-0.052727774
-0.051519867
-0.051519867
-0.05056781
-0.04980979
-0.049106713
-0.0483633
-0.047644176
-0.046832263
-0.04597613
-0.04526921
-0.0445732
-0.043883853
-0.04339597
-0.042921685
-0.042163856
-0.04152394
-0.041104153
-0.040755518
-0.040317558
-0.039845906
-0.03942156
-0.038927563
-0.038502697
-0.03810574
-0.037636306
-0.03712662
-0.036707424
-0.03638138
-0.035997223
-0.03558225
-0.035073493
-0.034492683
-0.03405382
-0.033451024
-0.03281648
-0.032268986
-0.031794358
-0.031168863
-0.030521799
-0.029904747
-0.029284192
-0.028829783
-0.028390331
-0.027964797
-0.027658822
-0.027468987
-0.027459824
-0.02739699
-0.027243495
-0.027032671
-0.027032671
-0.026647778
-0.025958998
-0.025411787
-0.024765242
-0.02411021
-0.023518696
-0.022997309
-0.02257612
-0.02199079
-0.021280777
-0.020595284
-0.02012374
-0.019623173
-0.018705625
-0.017927175
-0.017257378
-0.016786564
-0.016406657
-0.01586711
-0.015278317
-0.014641948
-0.014248209
-0.014032135
-0.013733543
-0.01336171
-0.012919462
-0.012619243
-0.012411841
-0.012224062
-0.011947734
-0.011331476
-0.010762156
-0.010382315
-0.009941772
-0.009528632
-0.009261147
-0.00913104
-0.009082877
-0.0091508
-0.009000204
-0.0088036815
-0.008536997
-0.008155116
-0.007821958
-0.007553146
-0.0072639184
-0.006774427
-0.006365782
-0.006365782
-0.0060273563
-0.0057842345
-0.0054569216
-0.0048214323
-0.004151166
-0.0033751642
-0.0028125027
-0.0021866586
-0.0015922546
-0.00081053865
-0.0001593068
0.00047543322
0.0006957987
0.00079071976
0.0011174909
0.0013368604
0.0015689491
0.0016394989
0.0016784706
0.0016627501
0.0017523881
0.0018130986
0.0016059481
0.001456358
0.0014819602
0.0015956237
0.0017150523
0.0016470907
0.0015398484
0.0014316976
0.0014392606
0.0015834315
0.0017761999
0.0018032015
0.0017331099
0.0017758866
0.002181911
0.0023656134
0.0025398617
0.002660486
0.0027295141
0.0029810017
0.0033011113
0.0035805323
0.003810524
0.0038846245
0.003960953
0.003992193
0.003992193
0.0037974536
0.0035069713
0.003153212
0.0028400195
0.0025019592
0.002414951
0.0023599302
0.0022049837
0.0020375827
0.0018730115
0.0018293894
0.0020198824
0.0023444619
0.002616782
0.00283204
0.0030369537
0.0031259472
0.0032983148
0.0034542847
0.003607697
0.003492962
0.0033940654
0.0033650359
0.0033650934
0.0032081956
0.0029237375
0.0026445594
0.0024627903
0.0024390223
0.0023854545
0.0023308322
0.0021806355
0.0019899446
0.0016903816
0.0013769062
0.0011911079
0.0011590832
0.00095502945
0.0006463517
0.00032766885
-0.00052977126
-0.0006895085
-0.000873579
-0.0010769237
-0.0012202797
-0.0011314285
-0.0010076759
-0.0010076759
-0.00078442274
-0.0006963435
-0.000821184
-0.0010822619
-0.001237337
-0.0011028533
-0.0010797797
-0.0010148278
-0.0009073211
-0.00076056767
-0.00067742827
-0.00062515296
-0.00046971408
-0.00030969278
-0.00015470483
-0.00023156784
-0.00030897572
0.00022692585
0.00066507637
0.0010830128
0.0016638873
0.0020200103
0.002355357
0.0024798876
0.0025733428
0.0026306612
0.002738109
0.0027320618
0.002893985
0.0030957821
0.003439392
0.0036537964
0.003930414
0.0039724046
0.0040586884
0.004136977
0.004414952
0.0044583143
0.0044194786
0.0044785063
0.004681011
0.0050610206
0.005674515
0.0061644246
0.006508503
0.0068983715
0.0068983715
0.007364951
0.008132021
0.008689991
0.00894632
0.009209196
0.009674025
0.010389613
0.011063802
0.011790839
0.012327906
0.012913228
0.013450067
0.014246582
0.015107131
0.015762037
0.016327178
0.01708753
0.01766815
0.0181746
0.01855029
0.018893715
0.019049881
0.019241905
0.01946926
0.019668737
0.019771617
0.019809082
0.019862525
0.019889291
0.019824369
0.019861137
0.019888692
0.020076724
0.020427667
0.020860313
0.02123125
0.021427598
0.02130509
0.021063581
0.020705404
0.02041227
0.019914843
0.01945005
0.019219859
0.019433752
0.019656168
0.01977018
0.019702144
0.019702144
0.020047087
0.020298665
0.020322423
0.020311961
0.020491134
0.020722024
0.020809859
0.021160195
0.021282826
0.021328555
0.021399135
0.02175407
0.022100262
0.022402588
0.022566501
0.022860477
0.023180986
0.023820223
0.024352489
0.024773406
0.02531998
0.02575958
0.026478956
0.027199809
0.02778539
0.028555406
0.029311737
0.029886952
0.03026985
0.03068147
0.031168686
0.031533338
0.03176182
0.032066725
0.032337155
0.032944806
0.033440344
0.033769287
0.033925187
0.034358647
0.03495715
0.035328254
0.03567946
0.035859827
0.03637864
0.036919232
0.037260614
0.037567336
0.037567336
0.037950993
0.038395304
0.038778882
0.03907166
0.03932733
0.03969812
0.040106624
0.040500842
0.04085104
0.041260034
0.041678205
0.041852355
0.04193927
0.0419268
0.041925702
0.042038742
0.04211468
0.042175572
0.042305123
0.04226226
0.042080134
0.04205048
0.042145163
0.042406224
0.04257351
0.042698827
0.042868745
0.043145675
0.043365106
0.0435134
0.04395327
0.044347525
0.044490144
0.04470339
0.044688225
0.044548582
0.04459187
0.04462144
0.044368654
0.044257566
0.044155836
0.04389862
0.043559324
0.043310355
0.043158755
0.043085705
0.043066006
0.04305858
0.04305858
0.043126408
0.04292542
0.04273429
0.042600688
0.042469636
0.04222182
0.04192723
0.041383915
0.04076306
0.04025473
0.039664157
0.0391743
0.038681105
0.038238887
0.037835818
0.03732941
0.036788933
0.036204834
0.035566285
0.034891702
0.034032367
0.03329498
0.032503836
0.03156739
0.030800747
0.030309098
0.03003528
0.029656494
0.029231142
0.028809585
0.028536208
0.028419513
0.028060352
0.027722081
0.027445057
0.027181279
0.026733264
0.02632743
0.026126707
0.026182659
0.026308082
0.02659341
0.027420377
0.028382258
0.029058797
0.029879926
0.030714279
0.03132764
0.03132764
0.03179053
0.032213718
0.032626774
0.03281454
0.03291812
0.032844972
0.032984708
0.032998208
0.033005998
0.033245873
0.033658102
0.033925135
0.034100037
0.03425368
0.034548502
0.034717806
0.034599863
0.03466822
0.035232533
0.035649404
0.03603516
0.036390614
0.036722496
0.036944177
0.036925446
0.036935147
0.037229054
0.037588257
0.037922297
0.038533658
0.03912566
0.039485402
0.03967079
0.039785
0.039607316
0.03964716
0.039555106
0.03939108
0.039169166
0.038974606
0.038974803
0.038876023
0.038911097
0.039089657
0.039433915
0.039694633
0.039969087
0.040277865
0.040277865
0.040625677
0.04087474
0.04086114
0.040887266
0.04101473
0.04117336
0.041342296
0.041414328
0.04165549
0.041914847
0.042120643
0.042280078
0.042484965
0.042640924
0.0426456
0.042554
0.04246862
0.042346623
0.042343374
0.042572763
0.042801846
0.042795483
0.042741325
0.04260718
0.042469203
0.042329796
0.042143825
0.041986864
0.0419566
0.04186467
0.041796055
0.041817952
0.041966062
0.041996308
0.04194225
0.0419216
0.042143606
0.04224755
0.0422223
0.042128347
0.042213734
0.04231564
0.04219699
0.042013615
0.042002447
0.042130873
0.042190522
0.042056426
0.042056426
0.04208375
0.042126782
0.04234462
0.042595003
0.04282973
0.04310156
0.043156605
0.04297759
0.04260128
0.042367052
0.042224474
0.041868903
0.041737642
0.041630868
0.041526463
0.04124544
0.04096611
0.040711254
0.040499624
0.040327515
0.040228818
0.040132158
0.040044025
0.03985098
0.039780013
0.03983296
0.03991201
0.039922122
0.0400368
0.040139735
0.04024822
0.040465113
0.040929053
0.041226648
0.041594803
0.04202863
0.042307593
0.04242238
0.04250017
0.04280015
0.04304264
0.043166492
0.043255456
0.043081418
0.04310216
0.043161012
0.043329015
0.04381857
0.04381857
0.04423669
0.044903956
0.045637127
0.04630419
0.046798527
0.04712058
0.0473269
0.047503106
0.04784766
0.048045564
0.04838115
0.04873357
0.049195502
0.049441848
0.049729127
0.05018465
0.050847813
0.05141114
0.051791422
0.052216243
0.052722715
0.05311035
0.053445872
0.05359507
0.05382149
0.05414991
0.05450431
0.054814685
0.055229597
0.05561296
0.055983555
0.056019496
0.055828907
0.0558276
0.055774175
0.05568727
0.055785924
0.055923678
0.056059852
0.056097213
0.056069214
0.056077443
0.056046583
0.05599449
0.055802543
0.05567297
0.055547003
0.055552
0.055552
0.05576362
0.055858016
0.055711556
0.055787522
0.05582029
0.055746343
0.05578276
0.055839032
0.056013003
0.05634878
0.056464907
0.0564949
0.056523114
0.056431517
0.056325007
0.056113176
0.05595963
0.055989288
0.05586097
0.05563808
0.05568718
0.055693768
0.055701297
0.05572729
0.05572976
0.05578924
0.05623454
0.05666288
0.057088256
0.057502363
0.058083635
0.05850444
0.058627676
0.05863637
0.058629796
0.058522005
0.058337595
0.058230497
0.058381706
0.058241524
0.05808533
0.05800963
0.057930086
0.057960737
0.05802866
0.058084976
0.05831603
0.058579646
0.058579646
0.058922343
0.059202507
0.059495434
0.059916835
0.060167544
0.060325053
0.060357787
0.06044117
0.060415983
0.060327932
0.06036955
0.06034706
0.060318742
0.060335726
0.060387183
0.060278732
0.060154036
0.06002052
0.059879854
0.05959923
0.05914117
0.05848875
0.057827298
0.057235606
0.05658032
0.05611033
0.055667873
0.055196673
0.054616433
0.054176733
0.053911466
0.053700957
0.053503487
0.053369474
0.053220395
0.053322744
0.053481724
0.05403726
0.054549452
0.054940283
0.055357605
0.055611078
0.055826355
0.055894677
0.05597968
0.056059152
0.056109257
0.056293625
0.056293625
0.056440223
0.056763858
0.05707153
0.057392135
0.05777683
0.05787728
0.05809235
0.058506414
0.05874228
0.05872508
0.058746837
0.059065692
0.05934369
0.059486013
0.05957705
0.059626244
0.059693497
0.05959072
0.059562497
0.059550293
0.05947562
0.059266355
0.05893766
0.0588937
0.058897633
0.059138764
0.05926779
0.05962075
0.059938096
0.06026436
0.060567636
0.06069475
0.060686275
0.060642745
0.06051074
0.06034262
0.060225975
0.060244806
0.060282897
0.06030781
0.060490374
0.060830258
0.061086867
0.061186355
0.061041027
0.061017312
0.06084832
0.060806014
0.060806014
0.060874477
0.0609235
0.06097626
0.06112875
0.0613592
0.06149729
0.061654855
0.061994415
0.062222626
0.062442333
0.06270122
0.06274444
0.06268371
0.062467165
0.062579066
0.0625838
0.06248689
0.062344413
0.062179677
0.06220108
0.062227115
0.062332965
0.062354688
0.062250834
0.06225604
0.062377762
0.06251841
0.06262868
0.06279622
0.062780544
0.062708296
0.06263333
0.062629834
0.06273022
0.06287516
0.06306139
0.06326141
0.063449636
0.06356315
0.06351097
0.06338081
0.063343205
0.06311755
0.06263963
0.06237847
0.062064823
0.061681025
0.06149937
0.06149937
0.061242305
0.061182644
0.061124865
0.060968705
0.06082154
0.060742527
0.060860436
0.060828023
0.060818378
0.06078504
0.060850084
0.06101132
0.06103528
0.061069842
0.061046258
0.060962055
0.060788747
0.060675234
0.06064337
0.060732275
0.06084187
0.060982224
0.06115224
0.061333742
0.061477125
0.06160886
0.061736085
0.061949603
0.061809193
0.061458603
0.061194554
0.061095316
0.060931858
0.060597394
0.060151577
0.059991334
0.059827123
0.05950594
0.059151888
0.05896277
0.05882834
0.05857631
0.058155503
0.057823133
0.057451494
0.057090342
0.056759603
0.056332093
0.056332093
0.056033134
0.055707622
0.055373155
0.05494744
0.054652333
0.05443181
0.054514024
0.05446949
0.054453354
0.054213107
0.05414696
0.054249983
0.054478493
0.054661702
0.054805122
0.054799035
0.05491273
0.05493084
0.05503931
0.05511213
0.0552931
0.055191502
0.05500606
0.054886747
0.054628395
0.054227673
0.05389612
0.05386811
0.053863604
0.053845886
0.053852215
0.053917713
0.053987984
0.05401762
0.053873368
0.05388747
0.054073405
0.05413554
0.0541454
0.054312505
0.05443277
0.054418202
0.054215934
0.053902887
0.0536203
0.05337988
0.05295462
0.05242722
0.05242722
0.05188935
0.051301386
0.050839048
0.050381064
0.05011835
0.05005547
0.050103407
0.05011562
0.049994033
0.049821973
0.049793955
0.0497784
0.049838267
0.04990856
0.04994641
0.05001665
0.0500989
0.050259113
0.050460324
0.05064538
0.050756466
0.050717425
0.051229555
0.05177415
0.05204054
0.052189857
0.052298795
0.05237551
0.052457523
0.052463245
0.052494768
0.052515265
0.05262247
0.052712053
0.05271565
0.05271036
0.052718796
0.052620318
0.05246429
0.052185364
0.051937733
0.051522307
0.05126363
0.051105224
0.051043127
0.051001515
0.050908368
0.05087115
0.05087115
0.05074238
0.050567348
0.05082961
0.051017933
0.051214904
0.05134751
0.051554598
0.051580764
0.05164446
0.051633913
0.051664665
0.051778592
0.051938757
0.051951956
0.052168686
0.052404363
0.052627478
0.052753437
0.052753776
0.05284855
0.052851915
0.052618783
0.052592665
0.052650373
0.052735876
0.052676238
0.05264927
0.052642815
0.05262906
0.052718807
0.052703608
0.052736577
0.052729134
0.05278747
0.05281842
0.052710943
0.052794266
0.05278452
0.052804206
0.053017206
0.053120073
0.053088017
0.053082723
0.053213455
0.053196028
0.05313927
0.053164355
0.053077675
0.053077675
0.05298924
0.05280106
0.052573837
0.052405313
0.052237332
0.05203063
0.051863138
0.05178554
0.051514916
0.05130048
0.050995145
0.050747234
0.05053502
0.050492667
0.050420117
0.05036987
0.050342325
0.05028694
0.050248157
0.050214957
0.050264787
0.050308283
0.05036194
0.050348822
0.05022252
0.05016967
0.0501126
0.050015513
0.049882185
0.049589425
0.049248878
0.04901138
0.048905518
0.048922714
0.04893129
0.04897007
0.048997812
0.04897088
0.049024824
0.049232595
0.049428515
0.04958157
0.049627412
0.049749453
0.049779497
0.049785715
0.049951293
0.050112315
0.050112315
0.050153732
0.05020153
0.050266158
0.050200418
0.050138604
0.050162327
0.050655633
0.051180657
0.051484704
0.051677912
0.051895425
0.052152622
0.05209626
0.051928524
0.051802225
0.0518283
0.051875148
0.051754847
0.051552556
0.05147022
0.051498972
0.05146141
0.051403735
0.051294796
0.05145542
0.05148669
0.05148921
0.05149212
0.051498935
0.051484622
0.051467378
0.05138378
0.051297594
0.05113343
0.050973944
0.050836183
0.05084006
0.050732665
0.050652806
0.050587755
0.050460245
0.05035186
0.050223395
0.05001316
0.049826276
0.04969642
0.04957045
0.049666446
0.049666446
0.049754057
0.04985195
0.04984822
0.049593836
0.0493244
0.049144555
0.048886623
0.048500527
0.048150994
0.047814433
0.04766213
0.047504354
0.04730008
0.047215093
0.046943456
0.04679918
0.04668346
0.046496768
0.046312466
0.046117328
0.045918483
0.045535665
0.045062244
0.044645675
0.044363424
0.043951903
0.04347527
0.042916927
0.042426102
0.04186084
0.041499697
0.041172788
0.040964715
0.040883083
0.040882166
0.040769923
0.040902376
0.04085648
0.040840242
0.04083033
0.04063592
0.040318448
0.04018885
0.0400655
0.03986832
0.03978584
0.039801218
0.039740793
0.039740793
0.03976141
0.03975661
0.03991871
0.03995888
0.03998693
0.04011377
0.040706336
0.041179046
0.0415376
0.041893832
0.042174373
0.04253409
0.042756516
0.0429616
0.043207884
0.043288574
0.04347722
0.043509714
0.04361386
0.043728076
0.04396648
0.04411665
0.044451587
0.044735394
0.044957075
0.04526413
0.04561688
0.045772485
0.046026655
0.04636336
0.046617873
0.046853278
0.047138985
0.04734782
0.047637504
0.04783313
0.04775024
0.047626443
0.047534075
0.047315087
0.04710828
0.047045205
0.04763921
0.04812966
0.048557866
0.048891403
0.04914769
0.049300924
0.049300924
0.0493699
0.049434897
0.049405962
0.049364306
0.049362164
0.04947914
0.04951503
0.049412172
0.049498994
0.04960994
0.04971853
0.049822066
0.049866818
0.049976163
0.050064173
0.050087605
0.049991474
0.04969272
0.0495091
0.049342763
0.049271997
0.049308345
0.049284913
0.04940794
0.049549803
0.04955757
0.049639124
0.049573977
0.04968467
0.049676996
0.049632847
0.049720395
0.049779665
0.04984527
0.049874265
0.049840838
0.049651295
0.04939897
0.04922421
0.04903583
0.049099494
0.049184885
0.049121313
0.04897057
0.04891497
0.048874564
0.048703715
0.048638593
0.048638593
0.048415467
0.048246976
0.048239607
0.04817279
0.047951862
0.047818568
0.047821134
0.047770537
0.047737982
0.047561474
0.047351483
0.04725605
0.047178462
0.047021065
0.046814777
0.046589624
0.04641549
0.046123344
0.045822807
0.04539629
0.04497963
0.044602163
0.04429938
0.044011906
0.043794464
0.043666318
0.043652274
0.043696187
0.04372592
0.043845855
0.043967623
0.043974705
0.04399114
0.043934602
0.04403832
0.044122312
0.04425984
0.04431256
0.04415651
0.04402819
0.043876953
0.04388584
0.04390936
0.04379885
0.04383106
0.04395287
0.04396217
0.043880917
0.043880917
0.043865297
0.04381342
0.043698404
0.043564096
0.04332383
0.043020014
0.042704042
0.04250385
0.04229116
0.04204768
0.041778035
0.041504048
0.041179143
0.040983483
0.04088298
0.040690795
0.040532745
0.040497754
0.040471975
0.040339608
0.040089536
0.03990327
0.039754923
0.039517283
0.039354518
0.039178472
0.039039202
0.03903054
0.03906326
0.039176535
0.03935469
0.039443187
0.0395424
0.039596364
0.039676037
0.039804198
0.039893962
0.03988617
0.039895304
0.039912954
0.039810233
0.03974385
0.039604437
0.039448112
0.039581053
0.039647575
0.0396507
0.03956809
0.03956809
0.0394598
0.03944307
0.039288443
0.039090164
0.038947318
0.038765766
0.03865746
0.038464304
0.0382508
0.03814171
0.038066477
0.037993837
0.037982274
0.037854444
0.037655085
0.037467
0.037278756
0.037145294
0.037059907
0.036942832
0.036802735
0.03669272
0.036675364
0.036668412
0.036641244
0.036590703
0.036474373
0.036612
0.036646184
0.036732346
0.036696773
0.036624666
0.036514223
0.036431774
0.036325898
0.036194894
0.03600297
0.035839394
0.035667334
0.035565007
0.035550613
0.035534456
0.035418198
0.035303406
0.03516199
0.035079226
0.035030298
0.035023663
0.035023663
0.03497324
0.03504776
0.03514388
0.035323538
0.035410307
0.035450194
0.035476632
0.035468966
0.035458274
0.035542883
0.03560876
0.035637587
0.035683103
0.035660714
0.035711654
0.035785567
0.035754975
0.035663076
0.035590485
0.03548371
0.035439346
0.035391353
0.035400447
0.035439204
0.035461757
0.035480637
0.03548789
0.035494078
0.035595372
0.035554763
0.035448484
0.035302915
0.035051413
0.0348451
0.034547783
0.034322828
0.034108847
0.0339765
0.03388444
0.03381578
0.03376224
0.033699013
0.033717215
0.033776842
0.033841453
0.03396799
0.03412826
0.034272965
0.034272965
0.034346342
0.0344152
0.0344722
0.034461796
0.034386907
0.034332223
0.034247734
0.034188963
0.03405871
0.03394937
0.03391111
0.033883017
0.03385046
0.033826154
0.033828247
0.033884637
0.033923406
0.033946823
0.03393656
0.033922005
0.033931553
0.033954445
0.03394097
0.03384823
0.03373617
0.033569016
0.03348919
0.033490293
0.03349987
0.03349282
0.03346735
0.033560056
0.033828214
0.0339901
0.03409544
0.03422883
0.03434472
0.034393914
0.034387898
0.034415733
0.03449516
0.03453461
0.03449677
0.034463625
0.034437604
0.034422744
0.034418482
0.034341943
0.034341943
0.03418444
0.034054127
0.033958893
0.03391204
0.03392382
0.03393311
0.03389868
0.03381626
0.033741806
0.033686712
0.03361744
0.03355802
0.033436835
0.03328738
0.033125088
0.032982282
0.032894984
0.0329188
0.033028934
0.03314253
0.03324513
0.033366527
0.03352945
0.03375054
0.033968154
0.034171697
0.03435946
0.034555025
0.03474406
0.035022043
0.035259165
0.035414692
0.035568934
0.035637744
0.035715185
0.03582295
0.035946213
0.036005773
0.036047436
0.03607346
0.036149234
0.036275603
0.03635498
0.03637169
0.036336876
0.036360487
0.036350686
0.03634563
0.03634563
0.036394086
0.03641655
0.03640033
0.03637753
0.03635192
0.036306467
0.036282327
0.03627523
0.03628855
0.036363855
0.036414165
0.03645405
0.036505017
0.03652502
0.03649682
0.036474887
0.03640392
0.036342893
0.036303546
0.036261637
0.036210798
0.036140896
0.036056813
0.03602158
0.036013063
0.035980668
0.036021076
0.036043737
0.036065504
0.036069535
0.036053877
0.03605228
0.036054295
0.036041338
0.03601855
0.035994258
0.035978973
0.03594433
0.03589319
0.035811752
0.03569414
0.03552563
0.03538616
0.035265196
0.03513389
0.03500888
0.034907352
0.034886397
0.034886397
0.03486493
0.0348604
0.034877524
0.03488831
0.034900304
0.034956366
0.034985613
0.0350498
0.035113655
0.035171006
0.03520537
0.035209335
0.035169654
0.03514928
0.035131484
0.03512968
0.03514689
0.035148785
0.035160474
0.03514029
0.035111114
0.03507371
0.035061635
0.035062257
0.03511109
0.0351472
0.035162542
0.03522337
0.03525336
0.035269734
0.035301156
0.035325527
0.035331253
0.03532747
0.03532377
0.035316713
0.035290852
0.03527885
0.035283763
0.03529836
0.035301827
0.035320673
0.03532416
0.03533796
0.0353203
0.035298202
0.035262607
0.035249323
0.035249323
0.035239723
0.035226308
0.035210013
0.035202514
0.03519936
0.035199657
0.035209414
0.035218563
0.03522416
0.035220876
0.035201997
0.03518168
0.03516686
0.03515635
0.035137925
0.03512641
0.035116065
0.035115153
0.035111804
0.035091776
0.03507318
0.035057735
0.035039652
0.03501935
0.03500394
0.034986537
0.034955725
0.034929138
0.034898736
0.034872096
0.03484772
0.034824118
0.034794044
0.03477456
0.034746308
0.034717012
0.0347005
0.034696035
0.034691446
0.034670755
0.034640733
0.034621757
0.03459435
0.03457383
0.034550853
0.034529395
0.034509443
0.034488656
0.03132764
