2.0
2.0
1.9999987
1.9999802
1.9998595
1.999535
1.9990466
1.9984567
1.9977793
1.9970223
1.9962841
1.9955494
1.9947928
1.9939806
1.9931207
1.9922416
1.9913421
1.9903922
1.98942
1.9884053
1.9873922
1.9863539
1.9854479
1.9845983
1.9837346
1.9827834
1.9817829
1.9811627
1.9813172
1.9816345
1.9821526
1.9828341
1.9835594
1.9843255
1.9850996
1.9858376
1.986532
1.9871155
1.9876561
1.9879333
1.9881413
1.988256
1.9882516
1.9881933
1.9879177
1.9876236
1.9873667
1.9872031
1.987067
1.987067
1.9869392
1.9868598
1.9868865
1.9867934
1.986756
1.9866749
1.9864038
1.9862096
1.986097
1.9861001
1.9862285
1.9864494
1.9867967
1.9872113
1.9877149
1.9880649
1.9885247
1.9889717
1.9893662
1.989752
1.9900472
1.9902401
1.9903249
1.9904685
1.9906944
1.9907641
1.9908531
1.99098
1.9911344
1.991254
1.9913989
1.9915684
1.9917694
1.9918958
1.991929
1.9920108
1.9920498
1.9919757
1.9919082
1.9919158
1.9918672
1.9917573
1.9916465
1.9915013
1.9912664
1.9909887
1.9901569
1.9893891
1.9893891
1.9884903
1.9873878
1.9860002
1.9847376
1.9832968
1.9818419
1.980217
1.9785365
1.9767668
1.974889
1.9729602
1.970953
1.9689128
1.9668055
1.9647232
1.9625945
1.9605377
1.9584552
1.9563183
1.9541273
1.9519056
1.9496822
1.9474728
1.9453342
1.9431742
1.9409486
1.939011
1.9370292
1.9351053
1.9331142
1.9312116
1.9293182
1.9274905
1.9255335
1.9235514
1.9215698
1.9195513
1.9174389
1.9152681
1.9131976
1.9111134
1.9089915
1.9068449
1.9046022
1.9023166
1.9001559
1.8980658
1.8960516
1.8960516
1.8939946
1.8918437
1.889602
1.8874408
1.8853288
1.8831685
1.8809017
1.8786594
1.8765342
1.8743544
1.8721616
1.8699238
1.8676811
1.8653978
1.863063
1.8607588
1.8584756
1.8561658
1.8538926
1.8516493
1.8493625
1.8471346
1.8448858
1.8426644
1.8405509
1.8384175
1.8362973
1.8341023
1.8319149
1.8297313
1.8275247
1.8253251
1.8232336
1.8211875
1.8191726
1.8171899
1.8151587
1.813123
1.8111175
1.8091096
1.807054
1.804975
1.8029323
1.8009212
1.7989559
1.7970011
1.7950537
1.7930602
1.7930602
1.7910672
1.7891029
1.7871108
1.7850642
1.7830101
1.7809088
1.77881
1.7766752
1.774513
1.7722644
1.7699941
1.7675735
1.7650841
1.7627465
1.7605236
1.7583662
1.7563256
1.7542671
1.7522311
1.750267
1.7482905
1.7463821
1.744427
1.7424067
1.7404845
1.7386014
1.7367933
1.7348806
1.7329928
1.7311891
1.7293189
1.7274652
1.7256348
1.7237391
1.7218237
1.7199258
1.7179871
1.7160841
1.714067
1.7121009
1.7101343
1.7081261
1.7062048
1.7042832
1.7024369
1.7006565
1.6989266
1.6972392
1.6972392
1.6954916
1.6937947
1.6920409
1.6903174
1.6885698
1.686761
1.684965
1.683058
1.681181
1.6793629
1.6776097
1.6757532
1.6739384
1.672188
1.6704233
1.668612
1.6668359
1.6651597
1.6635742
1.6618738
1.6600094
1.6580293
1.6560616
1.6540937
1.6521314
1.6502198
1.6483392
1.6464583
1.6445736
1.6427218
1.6409562
1.6391556
1.6373779
1.6356033
1.6338404
1.6320724
1.6303222
1.6285365
1.6267289
1.6249927
1.6232607
1.6215091
1.6195463
1.617507
1.6154649
1.6134082
1.6112752
1.609198
1.609198
1.6072097
1.6052368
1.603274
1.601393
1.5995729
1.5977225
1.5959059
1.5941585
1.5923704
1.5905993
1.588815
1.5870403
1.5853299
1.5835818
1.5818801
1.5801681
1.578446
1.5766718
1.5749389
1.573232
1.5715524
1.5698795
1.5681865
1.5665463
1.5649719
1.5633925
1.5617763
1.5600659
1.5583538
1.556636
1.5549649
1.5531499
1.5513365
1.549464
1.5476476
1.5458683
1.5441264
1.5423234
1.5405751
1.5387919
1.5369476
1.5350306
1.5331436
1.5313215
1.5295565
1.5277381
1.5259663
1.5242223
1.5242223
1.5225056
1.520818
1.5190837
1.5172927
1.515453
1.5136606
1.5117924
1.5099841
1.5081952
1.5064386
1.5047063
1.5029017
1.5011375
1.4994402
1.4976385
1.4958677
1.4941612
1.4924579
1.4907906
1.4891325
1.4874691
1.4856644
1.4839107
1.482176
1.480481
1.4788165
1.4770865
1.4753832
1.4736902
1.4719625
1.4702618
1.4686428
1.4670502
1.4654561
1.4638413
1.4622705
1.4606528
1.4590174
1.4573011
1.4555603
1.4538013
1.4520179
1.4501928
1.4483414
1.4462805
1.4442037
1.4422053
1.4403001
1.4403001
1.4384173
1.4365807
1.4347178
1.4328934
1.4310707
1.4292884
1.4274708
1.425716
1.4238718
1.4220399
1.4202244
1.4183427
1.416489
1.4145854
1.4127573
1.4108502
1.4089937
1.4071218
1.4052042
1.4033079
1.4014308
1.399574
1.3976429
1.395769
1.3938128
1.3917869
1.389744
1.3877661
1.3858482
1.3839283
1.3819342
1.3799059
1.3778291
1.3757287
1.3736589
1.3716363
1.3695276
1.3674651
1.3654357
1.3635079
1.3616456
1.3598078
1.3579663
1.3560842
1.3542696
1.352354
1.3503478
1.3482782
1.3482782
1.3461715
1.3440213
1.3419399
1.3398554
1.3378818
1.3359382
1.3340309
1.3321754
1.3303477
1.3284339
1.3265215
1.324609
1.3227779
1.320974
1.3191103
1.317304
1.3154136
1.313513
1.3115889
1.3097004
1.3077439
1.3057255
1.3036402
1.3014814
1.2992698
1.2971035
1.2949677
1.2928556
1.2907927
1.288749
1.2867473
1.284703
1.282683
1.2807152
1.2787493
1.2768561
1.2749835
1.2730423
1.2711174
1.269175
1.2672616
1.2652872
1.2633485
1.2613776
1.2594597
1.2575696
1.2556399
1.2537556
1.2537556
1.2518252
1.2499156
1.2479599
1.2460164
1.2440585
1.2420982
1.2400603
1.2380673
1.2361509
1.2342714
1.2324008
1.2304428
1.228536
1.2266315
1.2247369
1.2227744
1.220719
1.2186009
1.2165964
1.2146617
1.21277
1.2109451
1.2091506
1.2073023
1.2054617
1.2036834
1.201929
1.2002295
1.1985214
1.196824
1.1950625
1.1932368
1.1913418
1.1894698
1.1875468
1.1857108
1.1839018
1.1820985
1.1801462
1.1781993
1.1763041
1.1744106
1.1723375
1.170331
1.1683593
1.1663996
1.1644045
1.1624664
1.1624664
1.1605184
1.1586288
1.1567212
1.154852
1.1529444
1.1510233
1.1490415
1.1470002
1.1450409
1.1431442
1.14127
1.1394116
1.1375396
1.1356688
1.1337973
1.131885
1.1299138
1.1279649
1.1260366
1.1241325
1.1222101
1.1202685
1.1183231
1.1163305
1.1142994
1.1122359
1.1101607
1.1081078
1.1060921
1.104079
1.1020776
1.1000139
1.0979643
1.0959594
1.0940111
1.092053
1.0899876
1.0879596
1.0859356
1.0838022
1.0817055
1.0796267
1.0776073
1.075477
1.0733545
1.0711975
1.0691035
1.0668334
1.0668334
1.0645723
1.0623313
1.0601604
1.0579926
1.0558361
1.0536423
1.0514868
1.0493215
1.0471755
1.0449673
1.0426724
1.040379
1.0380422
1.0357707
1.0336565
1.0316582
1.0296763
1.0276338
1.0255407
1.0235378
1.0215218
1.0194697
1.0174589
1.0153435
1.0131291
1.0108924
1.0086696
1.0063233
1.0040278
1.0018293
0.999643
0.9974841
0.99538684
0.993271
0.99110425
0.9889413
0.98685825
0.9847714
0.98268205
0.9805607
0.9784546
0.9761316
0.97390836
0.97175145
0.96961796
0.96756005
0.9654177
0.96326935
0.96326935
0.96116555
0.9591175
0.9570647
0.9550696
0.952805
0.9506284
0.9484799
0.9463498
0.9442442
0.942186
0.94005966
0.93796915
0.9357761
0.933596
0.9314898
0.92933095
0.9271468
0.924933
0.9226968
0.9204782
0.91834396
0.9162174
0.9141486
0.91210514
0.9100977
0.9080891
0.90603954
0.9040101
0.9020176
0.9000913
0.8980569
0.89595115
0.89384794
0.89171773
0.8896208
0.88753456
0.8854755
0.8834273
0.88129956
0.8791634
0.8769815
0.8747525
0.8725499
0.8703493
0.86816156
0.8658866
0.8635346
0.861273
0.861273
0.8591123
0.857011
0.85492915
0.8528596
0.8507672
0.848732
0.84669614
0.844584
0.8424456
0.84027404
0.8380473
0.835711
0.8334443
0.8312004
0.8287618
0.8263157
0.823924
0.8215814
0.8193138
0.81703895
0.81480205
0.8126537
0.8105394
0.8084256
0.8063257
0.8039938
0.8016681
0.7993866
0.79713196
0.7948867
0.7927103
0.7905783
0.78838646
0.78617066
0.7839688
0.78178483
0.77956486
0.7773072
0.7750489
0.77281827
0.7705401
0.76826173
0.76597524
0.76366
0.7613826
0.75908095
0.7568512
0.7545947
0.7545947
0.7523867
0.75018317
0.74795055
0.745578
0.74317926
0.74086034
0.7385888
0.73633105
0.7340758
0.73178756
0.7295464
0.72735745
0.72500837
0.7225476
0.7201446
0.7177893
0.71557784
0.7134075
0.7112403
0.7089304
0.70660233
0.7042909
0.7019664
0.6996473
0.69741786
0.69526595
0.6931825
0.6911554
0.6891636
0.6871961
0.685151
0.68309355
0.6808859
0.6785736
0.6762402
0.6740652
0.6719134
0.6697359
0.6674982
0.6652206
0.6629723
0.6607605
0.65862966
0.65647423
0.6543023
0.6522045
0.65016043
0.64811283
0.64811283
0.64598703
0.6438538
0.6417693
0.6398159
0.63786703
0.63584614
0.63387305
0.631752
0.6296707
0.6276058
0.6256413
0.6237964
0.6220033
0.6201242
0.6182392
0.6163612
0.6144917
0.6126499
0.6106743
0.60870326
0.6067324
0.6048618
0.60310954
0.601408
0.599591
0.5977952
0.5959516
0.5940644
0.59214264
0.5901605
0.5881844
0.5862191
0.58433163
0.5824826
0.58059675
0.5788326
0.5772023
0.5755758
0.57392293
0.57227725
0.57058346
0.56885684
0.567093
0.5652886
0.563481
0.56176203
0.55994695
0.5582289
0.5582289
0.5565042
0.5548301
0.5531581
0.55156285
0.5499838
0.5484245
0.54688865
0.5454058
0.54409003
0.54280835
0.5415127
0.5400704
0.53877085
0.5374197
0.53605235
0.53469527
0.53324336
0.5318723
0.5305721
0.52925867
0.52795565
0.52659893
0.5252342
0.5239119
0.5225592
0.5211463
0.51973253
0.518322
0.5169343
0.51554453
0.5142573
0.5130199
0.5117196
0.5103976
0.5089836
0.5075129
0.5060998
0.504781
0.50333613
0.5019533
0.5006482
0.4994905
0.49812594
0.49663845
0.49523485
0.49392512
0.49263167
0.49127635
0.49127635
0.48997164
0.48869336
0.48740825
0.48632473
0.48531893
0.48432875
0.4831902
0.48207211
0.4810296
0.48003557
0.47907186
0.47811627
0.47697294
0.47585136
0.47479126
0.4737227
0.47271982
0.47164485
0.47054887
0.46941084
0.46808907
0.4667045
0.4653289
0.46404237
0.46295244
0.46190917
0.46087083
0.4596959
0.45860404
0.4575996
0.45681822
0.45605034
0.45508692
0.45406255
0.45318297
0.4522598
0.45127824
0.45007858
0.44889534
0.44777933
0.44671074
0.44567636
0.4445489
0.44337767
0.44214076
0.4409673
0.4398191
0.4386383
0.4386383
0.4372828
0.43594235
0.43484303
0.43383196
0.43275756
0.43163446
0.43050322
0.42937362
0.42847183
0.4276243
0.42685586
0.4259678
0.42495865
0.42403942
0.42327034
0.42255765
0.4217531
0.42087877
0.42010587
0.4194223
0.41867104
0.4179289
0.4170727
0.41618645
0.4152322
0.41427597
0.4133811
0.4125112
0.41157076
0.41047555
0.40942186
0.4084065
0.4074492
0.40648597
0.40556523
0.40465593
0.40392402
0.40310308
0.40225247
0.4012885
0.40021673
0.39905828
0.39807183
0.3971437
0.39621383
0.39537525
0.39477378
0.3942248
0.3942248
0.3936861
0.39291343
0.3920553
0.39125776
0.3905258
0.38989514
0.38928506
0.38876286
0.38830394
0.38783866
0.38734248
0.38673928
0.38608012
0.38523203
0.38411996
0.38301188
0.3819073
0.3810117
0.38042158
0.37990797
0.37955552
0.37920123
0.37877613
0.37820414
0.37750643
0.37664622
0.37566385
0.37474135
0.37387797
0.37301147
0.37216038
0.37137327
0.37060174
0.36979726
0.36906996
0.3681306
0.36721793
0.36629206
0.36530232
0.3642995
0.36339664
0.36264947
0.36200282
0.36125818
0.36056957
0.35977244
0.3589496
0.35830215
0.35830215
0.35765016
0.35715678
0.35660645
0.3559811
0.35544935
0.35491678
0.35434675
0.35375252
0.3532194
0.35269293
0.3522021
0.35163122
0.35103288
0.35058677
0.35016745
0.34971127
0.34929755
0.34859675
0.34794512
0.3473085
0.34679002
0.3461931
0.3456385
0.3451761
0.34468228
0.3439911
0.34319744
0.34250057
0.34204406
0.34141505
0.3408012
0.34019375
0.33966005
0.3391678
0.33864096
0.33804443
0.33730882
0.33649
0.33565214
0.33479014
0.33398798
0.3331188
0.33230215
0.33160838
0.33101133
0.3303034
0.3295425
0.3287861
0.3287861
0.32818645
0.32742146
0.32657632
0.32588252
0.32528725
0.3246919
0.3239215
0.3231734
0.32234442
0.32157058
0.32083735
0.32043266
0.32003352
0.31949052
0.31870726
0.31800625
0.31741914
0.3169966
0.31654695
0.31599623
0.3156897
0.31515524
0.31461605
0.31401226
0.31348372
0.31306964
0.3126562
0.312134
0.3115206
0.3108778
0.31036913
0.30970937
0.30891407
0.30823785
0.30763033
0.30714273
0.30642328
0.30561498
0.30482844
0.3041722
0.3036317
0.30300122
0.302425
0.30176347
0.30111936
0.30031168
0.2993926
0.2985957
0.2985957
0.29793337
0.2971388
0.29633385
0.2956247
0.29490098
0.29411268
0.2932861
0.2925123
0.2919826
0.29156455
0.29120752
0.2907197
0.290205
0.2895693
0.28884107
0.2881996
0.2875913
0.28706613
0.2865938
0.28590396
0.2853582
0.28476462
0.28421003
0.28376743
0.2832714
0.28278545
0.28226143
0.2817325
0.28131935
0.2809101
0.28070617
0.28048518
0.28003934
0.27972475
0.27935758
0.27880624
0.27833048
0.27800706
0.2775295
0.27706003
0.27664077
0.27612042
0.2756736
0.27523568
0.2747517
0.27433184
0.27399296
0.2736556
0.2736556
0.27333152
0.27291235
0.27256784
0.27218977
0.27177376
0.2712787
0.2707615
0.27010754
0.26949212
0.26905715
0.26865807
0.26838374
0.26809993
0.26763442
0.26712087
0.26665032
0.26621643
0.26578137
0.26528543
0.2647625
0.26416185
0.26348835
0.26268116
0.26176682
0.2610425
0.26053715
0.26005346
0.2594732
0.258996
0.25844446
0.25800085
0.25764006
0.25718135
0.25667283
0.2561364
0.25562185
0.2549862
0.25440425
0.25403017
0.2537686
0.25361326
0.25353563
0.2536983
0.25393823
0.2539533
0.25409102
0.25409183
0.2539398
0.2539398
0.25367984
0.25347432
0.25325787
0.25287426
0.2525593
0.25229445
0.25211948
0.25183445
0.2516073
0.25159973
0.25159785
0.25135615
0.25102103
0.25073928
0.25069043
0.25049493
0.25003192
0.24970666
0.24954534
0.24925669
0.24911813
0.24898835
0.24873617
0.24833664
0.24775603
0.24712846
0.24674632
0.24642184
0.2461766
0.24604258
0.24587761
0.24547584
0.24503459
0.2446823
0.2441695
0.24388905
0.24353376
0.2431564
0.24266607
0.24213998
0.24166404
0.2411913
0.24086829
0.24052669
0.24030516
0.24005768
0.23990415
0.23970805
0.23970805
0.23949055
0.23924166
0.23881252
0.23833817
0.23805827
0.2379564
0.23783542
0.23766485
0.2375523
0.23743287
0.23730755
0.23722914
0.23712981
0.23702261
0.23684882
0.23663916
0.236387
0.23604026
0.23586991
0.23586376
0.2357678
0.23550507
0.23532332
0.23511052
0.23493835
0.23474206
0.23461086
0.23440453
0.23415475
0.23389688
0.233659
0.2334274
0.2332092
0.23287773
0.23263787
0.2324109
0.2322491
0.2320261
0.23182866
0.23165613
0.23150536
0.23128521
0.23093641
0.23055752
0.23024562
0.23003599
0.22986454
0.22955291
0.22955291
0.22938709
0.22929619
0.22927393
0.22936644
0.22945264
0.22945774
0.22929604
0.22907636
0.22892483
0.2289751
0.22900015
0.22886232
0.2287846
0.22864056
0.22847465
0.22832705
0.22832339
0.22821592
0.22804002
0.22791891
0.22777897
0.22762251
0.22746062
0.22729908
0.22725867
0.2272737
0.22733557
0.22726314
0.22707425
0.22680616
0.2265455
0.22642457
0.22631022
0.22613582
0.22609757
0.22610854
0.22587807
0.22563055
0.22547393
0.22530921
0.22512536
0.22482947
0.22454834
0.22412375
0.22377117
0.22346735
0.22336668
0.2233803
0.2233803
0.22321613
0.22320363
0.2233712
0.22353613
0.22359736
0.22359414
0.22353768
0.22340004
0.22328056
0.2229939
0.22297424
0.22301434
0.22308053
0.22296906
0.22293086
0.22303584
0.22312933
0.22304553
0.22298853
0.22304282
0.22297646
0.22281069
0.22285253
0.22271064
0.22257566
0.22261252
0.22268723
0.22285141
0.2230569
0.2231488
0.22326931
0.22317794
0.22293113
0.22291058
0.2227988
0.22260682
0.22251113
0.22247784
0.22244893
0.22229329
0.22211441
0.22188668
0.22155626
0.22116846
0.2207597
0.22048767
0.22017106
0.21982284
0.21982284
0.2197325
0.21945688
0.21899305
0.21868578
0.21846184
0.21816905
0.21792714
0.2176467
0.21748638
0.21731712
0.21700141
0.2167312
0.21641833
0.21599749
0.21564777
0.21520516
0.21484813
0.21453582
0.21413991
0.21377192
0.21367247
0.21340619
0.21317014
0.21297194
0.21269512
0.21242563
0.21238771
0.21230699
0.21229637
0.21229821
0.21240523
0.21231472
0.21205892
0.21174729
0.21143942
0.21098764
0.21045297
0.20998932
0.20986597
0.20943807
0.20904349
0.20884964
0.2086147
0.20831689
0.20809278
0.2079324
0.20784052
0.20764963
0.20764963
0.20761009
0.20763353
0.20779294
0.20793746
0.20797428
0.20808727
0.20814231
0.20814745
0.20806468
0.20792745
0.2078657
0.20752552
0.20707332
0.20680563
0.2067061
0.20651935
0.2062413
0.20600836
0.20588207
0.20556523
0.20504148
0.20448978
0.20397022
0.20345052
0.20283468
0.20238014
0.20194694
0.20153323
0.20090464
0.2003242
0.19993836
0.19959106
0.1991996
0.19875214
0.19834115
0.19817387
0.19798076
0.19808191
0.19821095
0.19833063
0.19848756
0.19845198
0.19834231
0.1981716
0.1980123
0.197855
0.19771144
0.19761334
0.19761334
0.19749266
0.19752817
0.19768645
0.19796109
0.19822145
0.19824955
0.19833909
0.1985591
0.19859368
0.1984253
0.19829091
0.19836633
0.1983215
0.19820575
0.19823663
0.19846319
0.19870709
0.19863638
0.19860546
0.19851977
0.19838141
0.1981914
0.1979034
0.19786273
0.19786039
0.19781709
0.19769885
0.19773427
0.19780451
0.1978971
0.19790585
0.19775766
0.19756469
0.19741362
0.19715784
0.19684173
0.19665371
0.19653288
0.19640611
0.19624479
0.19627427
0.19648127
0.19661328
0.19656076
0.19623123
0.19602709
0.19574997
0.1955976
0.1955976
0.19558327
0.19552587
0.19551371
0.19547187
0.19542083
0.19522847
0.19510286
0.19513509
0.19503766
0.19494787
0.19493006
0.19485769
0.19472955
0.1944887
0.19454373
0.19452691
0.19439092
0.19418962
0.19390917
0.19378902
0.19370578
0.19384052
0.1938731
0.19374451
0.19366097
0.19380726
0.19393982
0.19398485
0.19409664
0.19405991
0.1939634
0.19382565
0.19379793
0.19386752
0.1939608
0.19406396
0.19411995
0.19418772
0.19422305
0.1941922
0.19409522
0.19407512
0.19391184
0.19353557
0.1934163
0.19323336
0.1929249
0.19270109
0.19270109
0.1924439
0.19227557
0.19211158
0.19179747
0.19155166
0.19140916
0.19134898
0.19117846
0.19103578
0.19094412
0.1910024
0.19095226
0.19074197
0.19046603
0.1902279
0.18992731
0.18955424
0.1892239
0.18900898
0.18892628
0.1887732
0.18866126
0.1885895
0.18856369
0.18850829
0.18859452
0.1887072
0.18890588
0.18885672
0.188573
0.18840252
0.18838768
0.18828762
0.18796982
0.18758853
0.1874632
0.18735602
0.1870409
0.18660258
0.18629691
0.18607622
0.1858615
0.18546435
0.18506297
0.18468848
0.18435386
0.18410547
0.18363595
0.18363595
0.18310896
0.18263505
0.18228199
0.18194258
0.18168338
0.18149298
0.18143617
0.1813429
0.18114604
0.18072999
0.18040848
0.18027908
0.18023618
0.18011703
0.17996965
0.17977844
0.17972808
0.17961822
0.17955284
0.17955397
0.17970686
0.17960037
0.17941104
0.17926523
0.17916194
0.17896892
0.17884076
0.17897083
0.17908607
0.17917432
0.17933798
0.17949049
0.17961769
0.17964517
0.17947263
0.17936847
0.17942594
0.17941582
0.17940117
0.17961223
0.17974326
0.17982167
0.17975125
0.17952846
0.1792512
0.17901805
0.17868693
0.17834714
0.17834714
0.17797028
0.17755397
0.17724164
0.17691302
0.17672752
0.17654277
0.17650668
0.17643046
0.17626375
0.17608649
0.1760299
0.17605962
0.17614788
0.17627148
0.17639232
0.17651844
0.17660911
0.176809
0.17701127
0.17719615
0.17730069
0.17720984
0.17732602
0.17751159
0.17746632
0.17732984
0.17717713
0.1770372
0.17692256
0.17671278
0.1765034
0.17637093
0.17632747
0.17627881
0.17616245
0.17607416
0.17604057
0.17590323
0.17579225
0.17550103
0.1752929
0.17498654
0.17483196
0.1747206
0.17464858
0.17456923
0.17443843
0.17429404
0.17429404
0.17411736
0.17391932
0.1741106
0.17426081
0.17441358
0.17455064
0.17476857
0.17481244
0.17487615
0.17479743
0.17472707
0.17473412
0.17484185
0.17481716
0.17490062
0.17495929
0.17506224
0.1750287
0.17485146
0.17471384
0.17460062
0.17436363
0.17418109
0.17410555
0.17410234
0.17405382
0.17403942
0.17397627
0.17396127
0.1738949
0.17373411
0.17353791
0.17337924
0.1732673
0.17328396
0.17314216
0.17311488
0.17300321
0.17297795
0.17310353
0.17311771
0.17287974
0.17273581
0.1727513
0.17263862
0.17240815
0.17234033
0.17230755
0.17230755
0.17228115
0.17209288
0.17183653
0.17171691
0.17171991
0.17160326
0.17142
0.17135008
0.17120335
0.1711462
0.1709724
0.17074148
0.17063205
0.17066295
0.17055938
0.17039476
0.17023782
0.1702065
0.17021178
0.17022502
0.17026317
0.17035909
0.17046604
0.17041971
0.17022403
0.17005812
0.16999343
0.16995011
0.16977803
0.16947047
0.16920725
0.169073
0.1689814
0.1689549
0.16888233
0.16885239
0.1687945
0.1686987
0.16859756
0.16868901
0.16880848
0.16894841
0.16894874
0.16903234
0.16905332
0.16905029
0.1691314
0.16924597
0.16924597
0.16927011
0.16926342
0.1692018
0.1690378
0.16887663
0.16874892
0.1688999
0.16909692
0.16910817
0.1690007
0.16888401
0.1689028
0.16878134
0.16858503
0.16835265
0.16821653
0.16818587
0.16810153
0.16789941
0.16769983
0.16765957
0.1676398
0.16757478
0.16738585
0.16739413
0.16735606
0.16729067
0.16717993
0.16701162
0.16679665
0.16672727
0.1666331
0.16645369
0.16626963
0.1662184
0.1662221
0.16613923
0.16593866
0.16591023
0.16589166
0.16575919
0.16556615
0.16532053
0.16510761
0.16492842
0.16477029
0.1646109
0.16473472
0.16473472
0.16482657
0.16483188
0.16475387
0.16458914
0.1644675
0.16438796
0.16420819
0.16394015
0.1637627
0.16361617
0.16358459
0.16350165
0.16343859
0.16345602
0.163306
0.16321984
0.16333511
0.16338792
0.16338637
0.1633238
0.16335237
0.16327271
0.16313943
0.16302016
0.16297525
0.16278166
0.16258484
0.16226666
0.1619397
0.16152386
0.16128951
0.1610666
0.1609254
0.16086447
0.16087833
0.16086794
0.16100661
0.16092321
0.16079685
0.16075681
0.1605791
0.16030982
0.16015801
0.16006027
0.15989856
0.15986834
0.15984522
0.15969601
0.15969601
0.15967593
0.15969464
0.15980478
0.15979677
0.15981205
0.1599066
0.16036038
0.1607011
0.16091932
0.16112211
0.16127211
0.16150117
0.16167066
0.16179784
0.16202097
0.16212028
0.16241723
0.162507
0.16264513
0.16283473
0.16318211
0.16343994
0.16380334
0.16415465
0.16441217
0.1647795
0.16514483
0.16531572
0.16553459
0.16583109
0.16617565
0.16644552
0.16671203
0.16694385
0.16727316
0.16758902
0.16762497
0.1675824
0.16756609
0.16743577
0.16729392
0.16719757
0.16746049
0.16760936
0.16782922
0.1680036
0.16811118
0.16811953
0.16811953
0.16812725
0.16823043
0.16828106
0.1682778
0.16830522
0.16840029
0.1684508
0.16829437
0.16818164
0.168063
0.16796659
0.16795585
0.16788042
0.16787526
0.16787033
0.16786297
0.16784047
0.16768049
0.1676025
0.16753024
0.16750218
0.16762137
0.16774671
0.16800568
0.16832903
0.1685271
0.16874026
0.16885175
0.16909966
0.1692308
0.16933256
0.16946697
0.16953453
0.16963126
0.16970134
0.16973509
0.16967487
0.16954942
0.16945258
0.16931738
0.16926573
0.16932124
0.16925058
0.16908261
0.16895097
0.1688798
0.16876338
0.16877268
0.16877268
0.16860235
0.16841751
0.1683628
0.16834965
0.16825435
0.16815735
0.16809472
0.16800992
0.16811423
0.16805659
0.16792186
0.16778702
0.16763297
0.1674131
0.16719714
0.16694148
0.16671987
0.16642
0.16617616
0.16580302
0.1654113
0.16508353
0.16488473
0.16477089
0.16465192
0.16453832
0.16444917
0.16438939
0.16441484
0.1645472
0.16467611
0.16468279
0.16483249
0.16493873
0.16515455
0.16532817
0.1655324
0.16572241
0.1657845
0.16577844
0.16571938
0.16573359
0.16580538
0.16581279
0.16598372
0.16628455
0.16646524
0.16664375
0.16664375
0.16682616
0.16695881
0.16702688
0.16707292
0.16699785
0.16686678
0.16668317
0.16656974
0.16644496
0.16634744
0.16622797
0.16609319
0.16588137
0.16577205
0.16573319
0.16561314
0.16548
0.16547379
0.165498
0.16547717
0.16537358
0.16533753
0.16532373
0.16523004
0.16518307
0.16512507
0.16504577
0.16502301
0.16501363
0.16506293
0.16510913
0.16509126
0.16507636
0.16508433
0.1651255
0.16524884
0.16533926
0.16532618
0.16534005
0.16535732
0.16526441
0.16525397
0.16516459
0.16506143
0.16521981
0.16533746
0.16543171
0.16546398
0.16546398
0.16544472
0.16551992
0.16550796
0.16541305
0.16534235
0.16522889
0.16517429
0.1650561
0.16489337
0.16481006
0.16473159
0.16463578
0.16460438
0.16450837
0.16438825
0.16427556
0.16420248
0.16412804
0.16414233
0.1640959
0.16404672
0.16401275
0.16406156
0.16412716
0.16419601
0.16423628
0.164213
0.16415009
0.16403607
0.16402726
0.16394381
0.1638549
0.16371325
0.16363682
0.16353853
0.16342194
0.16326247
0.1631298
0.16298127
0.16292222
0.16293721
0.16302022
0.16299823
0.16291428
0.16284007
0.16283214
0.1628856
0.1630246
0.1630246
0.16308856
0.16315614
0.16322057
0.16336524
0.16343625
0.16348629
0.1634355
0.16333333
0.16324058
0.16327485
0.16331708
0.16335756
0.16342726
0.16341336
0.16342644
0.16346076
0.16342978
0.1634519
0.1634789
0.16344537
0.16340487
0.16336727
0.16334851
0.1633676
0.16338477
0.16339007
0.16337594
0.1633931
0.16350174
0.1634667
0.16340153
0.16327079
0.16307501
0.16293496
0.16272892
0.16255887
0.16236466
0.16221093
0.16207704
0.16200711
0.16198228
0.16197196
0.16198835
0.16204895
0.16213888
0.16226935
0.16244082
0.16258462
0.16258462
0.16267122
0.1628325
0.16294551
0.16299975
0.16296226
0.1629329
0.16285765
0.16281019
0.16270888
0.16261473
0.16258365
0.1625569
0.16251136
0.16248149
0.16252035
0.16260959
0.16268292
0.1627529
0.16276829
0.16275579
0.16277404
0.16282287
0.16284601
0.16279507
0.1627249
0.16260435
0.16254652
0.16249728
0.16250108
0.16254586
0.16258216
0.16270314
0.16297424
0.16315411
0.1632616
0.16337317
0.16347541
0.16349134
0.16347532
0.16348429
0.16354415
0.16354744
0.16346045
0.16339082
0.16329998
0.16327171
0.16329956
0.16327088
0.16327088
0.16320524
0.16316369
0.16314718
0.16321012
0.1633347
0.16347547
0.163561
0.16359043
0.16362701
0.1636494
0.16367541
0.16367723
0.16362943
0.16356468
0.16349228
0.1634458
0.16343646
0.16347842
0.16356272
0.16367017
0.16376
0.16385931
0.16400728
0.1641947
0.164357
0.16448614
0.1645829
0.1646848
0.16479805
0.16494948
0.16508287
0.16516086
0.1652239
0.16523783
0.16528413
0.16536592
0.16550516
0.16559355
0.16567977
0.16571419
0.16578442
0.16589557
0.16598988
0.1660351
0.1660713
0.16617146
0.16621068
0.16621765
0.16621765
0.1662539
0.16626735
0.16625513
0.16625051
0.16626123
0.16624138
0.16623919
0.166259
0.16628554
0.1663517
0.16640978
0.16645607
0.16650207
0.16651717
0.16649577
0.1664739
0.16641812
0.16637559
0.16637513
0.16638246
0.16636431
0.16633825
0.16629596
0.1662957
0.16630495
0.166291
0.16634108
0.16638356
0.16644196
0.16648489
0.16651738
0.16656283
0.16660355
0.16662183
0.16662177
0.16661485
0.16661423
0.16659202
0.16655712
0.1664771
0.16636282
0.16620259
0.16606809
0.16595128
0.16582105
0.1657163
0.16564395
0.16566764
0.16566764
0.16566683
0.16568217
0.1656621
0.16563997
0.1656347
0.16569293
0.16572742
0.16577856
0.16583106
0.16588192
0.16591547
0.1659121
0.16586372
0.16581802
0.16577242
0.16575734
0.16575885
0.16574995
0.16575389
0.16573593
0.16570674
0.16566381
0.16563714
0.16562194
0.16563709
0.16564527
0.16564426
0.16567682
0.1656933
0.16570339
0.16574256
0.16578533
0.16581605
0.16583243
0.16584936
0.16585575
0.16584174
0.16583304
0.16583923
0.1658527
0.16586183
0.16589858
0.16592953
0.16595529
0.16595493
0.16595004
0.16593665
0.16592783
0.16592783
0.16591826
0.16590445
0.16589078
0.16588642
0.16588014
0.1658716
0.1658773
0.16587229
0.16586556
0.16584921
0.16582476
0.1658044
0.16578574
0.16577484
0.16575144
0.16573668
0.16572471
0.16572356
0.16572092
0.16570255
0.16568764
0.16567393
0.16565563
0.16563489
0.16562155
0.16560587
0.16557468
0.16555011
0.1655231
0.16550311
0.1654853
0.16547371
0.16545795
0.16544622
0.16542394
0.16540138
0.16538964
0.16537797
0.16536197
0.16533287
0.16529691
0.16527009
0.16523723
0.16521393
0.1651887
0.16516767
0.1651533
0.165132
0.4386383
