1.0
0.99998564
1.0001273
1.0006694
1.0013078
1.001935
1.002616
1.003349
1.0040721
1.0048258
1.0056053
1.0063666
1.0071734
1.0079838
1.0088226
1.0096978
1.0105993
1.0115118
1.0124656
1.0134608
1.01449
1.0154935
1.0165226
1.0172542
1.0174491
1.0173783
1.0170745
1.0164638
1.0157294
1.0148736
1.0139223
1.012894
1.0118413
1.0108036
1.009756
1.0088115
1.0079012
1.007052
1.0062712
1.0056015
1.0049824
1.0044087
1.0039331
1.0035404
1.0032473
1.0029923
1.0027555
1.0024737
1.0021992
1.0021992
1.0019875
1.0017048
1.0013278
1.0009512
1.000482
1.000126
0.9997847
0.99928313
0.99872017
0.9980448
0.9973363
0.99651986
0.9956821
0.99487984
0.99406534
0.99339557
0.9926889
0.9919836
0.99131733
0.9906687
0.9900619
0.9895882
0.98915565
0.98869604
0.98819077
0.98777646
0.98732716
0.98689157
0.986436
0.98596644
0.9855439
0.98514986
0.9847348
0.9842978
0.98387825
0.98341197
0.9829974
0.98261017
0.98223495
0.9818183
0.9813969
0.9810221
0.98066413
0.9803414
0.979977
0.97958434
0.9793172
0.97907996
0.97907996
0.9788453
0.978761
0.978653
0.9783004
0.9775094
0.9766579
0.97550505
0.97417635
0.97263545
0.97105587
0.96930814
0.96743125
0.9654567
0.9634825
0.96147925
0.95940316
0.95731854
0.95516706
0.95307636
0.95091933
0.9487326
0.9464965
0.94421965
0.9420472
0.9400619
0.93799555
0.9358458
0.93363345
0.93143785
0.9291872
0.92696905
0.9248045
0.9227659
0.92066383
0.91853577
0.91643983
0.91434973
0.91216844
0.9099077
0.90759337
0.9052281
0.90284395
0.90049565
0.8981269
0.8958388
0.89353967
0.89119536
0.88890314
0.88890314
0.8865881
0.88433284
0.8820025
0.8799645
0.877928
0.87590325
0.8737882
0.87163967
0.86960083
0.86803734
0.8664858
0.8650173
0.8635473
0.86186326
0.8601528
0.8583308
0.85646045
0.8545275
0.85265344
0.85086876
0.8489938
0.8472491
0.84557545
0.8438201
0.8421581
0.8406237
0.839084
0.8375576
0.8359353
0.8344681
0.833035
0.8315125
0.83018494
0.82887167
0.82761365
0.8264743
0.82529354
0.82423663
0.8233055
0.8223015
0.82123256
0.8200423
0.8187735
0.8174705
0.8161301
0.81473565
0.8133844
0.8121528
0.8121528
0.8108319
0.80954516
0.80834526
0.8070758
0.8057209
0.8043385
0.8030101
0.8017717
0.8005649
0.79945934
0.7983232
0.7971911
0.7964673
0.7958659
0.7953159
0.79480016
0.7942893
0.79381347
0.7933659
0.79301494
0.79247594
0.792106
0.7916809
0.7911549
0.79065156
0.79005355
0.7895148
0.78888386
0.7881242
0.7873434
0.78654516
0.7858383
0.78518975
0.78472275
0.78434736
0.78397095
0.7836632
0.7833219
0.7832544
0.78314567
0.7832077
0.78369224
0.784399
0.7849865
0.78562427
0.78611195
0.78663987
0.7871769
0.7871769
0.787603
0.78798884
0.78840405
0.78895116
0.78978825
0.79064596
0.7913111
0.7919488
0.7927313
0.7934756
0.79418856
0.7948657
0.79563385
0.7964354
0.7971625
0.79787135
0.7985947
0.7994518
0.800249
0.8012207
0.80247015
0.80367047
0.80453044
0.8052832
0.80585265
0.80641615
0.80696076
0.80741465
0.8078996
0.8083878
0.80880183
0.8091591
0.8094197
0.80977154
0.81012976
0.8102515
0.810284
0.8102251
0.810291
0.8103197
0.8105599
0.81074595
0.81130403
0.81159
0.8115997
0.8114957
0.81132495
0.81104285
0.81104285
0.8107094
0.8103846
0.8101168
0.8098528
0.8095936
0.80929863
0.8089705
0.8086849
0.80847776
0.8082308
0.8080183
0.80779505
0.8079511
0.80823785
0.8084761
0.80901563
0.80944586
0.8098176
0.8102076
0.81049806
0.8106555
0.8106417
0.8106536
0.81071174
0.8108288
0.8111199
0.8114639
0.8118749
0.81243503
0.8128415
0.81325376
0.8136282
0.8140298
0.8143325
0.8146163
0.8149316
0.81549585
0.8159424
0.8163661
0.8168142
0.817023
0.8170506
0.81720114
0.81747407
0.81778693
0.8179779
0.81820124
0.8184249
0.8184249
0.818557
0.8185556
0.8187134
0.8186943
0.818938
0.8192189
0.81984615
0.82034796
0.8210197
0.82157105
0.8219677
0.8224135
0.8228274
0.82300425
0.82352847
0.82406765
0.8246893
0.82525325
0.82579756
0.82626903
0.82664233
0.8270599
0.82721394
0.8272888
0.82727164
0.82726365
0.8272317
0.8272807
0.8272653
0.8276328
0.8280437
0.82857686
0.82899535
0.82959116
0.8302108
0.83084995
0.83127165
0.83156824
0.8320373
0.8323599
0.8325762
0.83270204
0.83294976
0.83300304
0.8334589
0.8337551
0.83387977
0.83411753
0.83411753
0.8342991
0.83470726
0.8351264
0.83535624
0.835574
0.83574593
0.83603674
0.8362252
0.83688647
0.8375073
0.838152
0.83859384
0.83893347
0.83928084
0.8395659
0.8397202
0.8399169
0.84012175
0.84033656
0.8408076
0.8412769
0.8418487
0.8425058
0.8431071
0.8436874
0.8445134
0.84517133
0.8458628
0.84651214
0.8471333
0.8478543
0.84869266
0.8496347
0.8506118
0.85137933
0.85209954
0.8528205
0.8534425
0.85400885
0.854397
0.8546666
0.85496455
0.8552292
0.8554866
0.8556755
0.85556555
0.8554901
0.85534304
0.85534304
0.8552151
0.85531425
0.85537016
0.855559
0.85577625
0.85601735
0.85629326
0.8564828
0.85654956
0.85651463
0.85667706
0.8567982
0.8569116
0.8570869
0.85741717
0.85762393
0.8577353
0.8579593
0.8583593
0.85881805
0.8594899
0.86017495
0.86056674
0.86104554
0.86124885
0.861347
0.8614065
0.8613929
0.8612472
0.86119455
0.8612773
0.8614379
0.86192507
0.86240155
0.8628217
0.8632396
0.863865
0.86448663
0.8649271
0.86517453
0.8654181
0.8657152
0.86590725
0.86622465
0.86647856
0.8668314
0.8670988
0.8672821
0.8672821
0.86753917
0.86761653
0.86763513
0.86776537
0.8679031
0.8679992
0.8680552
0.8680034
0.86846894
0.86876166
0.86916804
0.86925983
0.8693404
0.869348
0.86965644
0.8697383
0.8700009
0.87053144
0.87098294
0.87167645
0.87229174
0.8729145
0.8734415
0.8738955
0.87426287
0.8748093
0.8754114
0.87600636
0.8766062
0.87706685
0.8776009
0.8785274
0.87940496
0.8800586
0.8806701
0.88126886
0.8818293
0.8823815
0.8830807
0.88365406
0.8840226
0.8842726
0.88472563
0.885143
0.88568425
0.8861747
0.8869443
0.88785577
0.88785577
0.888962
0.8900062
0.89078367
0.89148116
0.8920467
0.89253193
0.8932457
0.8941176
0.89481896
0.8955293
0.89619064
0.89693046
0.89758223
0.8981724
0.89883155
0.89955026
0.9001092
0.90068847
0.90107
0.9014121
0.9017579
0.9020975
0.9025741
0.90294564
0.90344805
0.90405005
0.90459025
0.9051836
0.90576047
0.9064098
0.9069655
0.9075148
0.90813804
0.9086591
0.9090101
0.9093863
0.9096638
0.9099671
0.91040957
0.9106958
0.9108724
0.9110094
0.91113186
0.9112097
0.91131747
0.9113284
0.9113173
0.91126955
0.91126955
0.91111803
0.91098106
0.9107945
0.9106981
0.9106873
0.91071373
0.9107355
0.91086817
0.9110682
0.9112236
0.911659
0.9120666
0.912214
0.9126065
0.9131354
0.9136021
0.9141105
0.9145846
0.9149781
0.9152857
0.91557676
0.91587704
0.9160655
0.91625375
0.91640073
0.91675067
0.917255
0.91789037
0.9185116
0.9190727
0.9194699
0.9199174
0.92039984
0.92078936
0.92104566
0.9212004
0.9213938
0.92163455
0.92192036
0.9221902
0.9225704
0.92274785
0.9229063
0.92330843
0.9238348
0.9242363
0.92493933
0.9256161
0.9256161
0.92616934
0.9267659
0.92742544
0.92807937
0.9285533
0.92893124
0.92904645
0.9293224
0.92973024
0.93032056
0.9305922
0.9309294
0.9315592
0.932044
0.93248665
0.9327717
0.9331908
0.93367165
0.93417484
0.93459976
0.93496
0.9352639
0.93557036
0.93582743
0.9359903
0.93611115
0.93628144
0.93649274
0.9368335
0.9371863
0.93758416
0.93794525
0.9383408
0.9386648
0.9389613
0.9393869
0.93976426
0.94041926
0.9408892
0.94124943
0.94180036
0.942376
0.9428313
0.9431455
0.94343
0.9440233
0.9447192
0.94532496
0.94532496
0.94567317
0.9460536
0.9463701
0.9468857
0.94735205
0.9477315
0.94800156
0.94825155
0.9483724
0.9486087
0.9488929
0.94923514
0.94947404
0.9495498
0.949634
0.9498279
0.9500118
0.95022506
0.9504195
0.9506135
0.9508159
0.95100445
0.9510778
0.9511789
0.95128644
0.9515027
0.95162076
0.951859
0.9524549
0.9529999
0.9535184
0.95398474
0.9543863
0.9547244
0.9550249
0.9552457
0.9557573
0.95606816
0.9563175
0.95659506
0.9569214
0.95753163
0.95788866
0.95808417
0.9583383
0.9585795
0.95894724
0.95904535
0.95904535
0.95908225
0.95903844
0.95908636
0.9592099
0.959365
0.9595454
0.9598937
0.96025026
0.96066165
0.9611083
0.9614806
0.9619282
0.9622108
0.96229774
0.9623107
0.96243954
0.9627187
0.9631228
0.96349865
0.9638674
0.96419644
0.9646342
0.96513325
0.9656209
0.9660876
0.96652985
0.96700704
0.9674354
0.9679241
0.9683928
0.96885324
0.9690774
0.96917146
0.96942365
0.96986
0.97048205
0.9709219
0.9712433
0.9716647
0.9719354
0.9721628
0.9725264
0.9729979
0.973748
0.97445905
0.97545666
0.9765295
0.97767013
0.97767013
0.97856426
0.97926617
0.979923
0.9806508
0.98138654
0.9821575
0.98297334
0.9836514
0.9843055
0.98498386
0.9855288
0.9861117
0.98693866
0.9875954
0.98808235
0.9884979
0.98896784
0.9894377
0.98980385
0.9902089
0.9905985
0.99099094
0.991508
0.9920512
0.9924177
0.9927315
0.99310565
0.9935092
0.9938821
0.9941829
0.9944376
0.994955
0.99555206
0.99598867
0.9962837
0.99675083
0.99732757
0.99794155
0.9985033
0.9988338
0.9990833
0.9993209
0.9995519
0.9997211
0.9996435
0.99959755
0.9995989
0.99965847
0.99965847
0.99985194
1.0002371
1.0004708
1.0008188
1.0011901
1.0015222
1.0018289
1.0020584
1.0024348
1.0029533
1.0034816
1.0038415
1.0042346
1.0050848
1.0058182
1.0064529
1.0068989
1.007248
1.0077188
1.0081968
1.0087014
1.0090163
1.0092283
1.0094985
1.0098194
1.0101782
1.0104073
1.0105653
1.0106986
1.0108924
1.0114272
1.0119555
1.0123526
1.0128303
1.0132356
1.0134336
1.0135505
1.0137173
1.0137787
1.0140337
1.0142548
1.0145216
1.0149359
1.0153555
1.0156388
1.0159163
1.0163406
1.016684
1.016684
1.0169468
1.0171899
1.0175896
1.0182625
1.0189067
1.0195968
1.0201226
1.0207155
1.0212678
1.02188
1.0223755
1.0228717
1.023045
1.0231571
1.0235373
1.0237494
1.0239408
1.0239775
1.0239942
1.0238937
1.0238069
1.0236657
1.0233953
1.0232953
1.0233884
1.0235698
1.0236973
1.0236592
1.023603
1.0235729
1.023689
1.0238965
1.0238987
1.0237416
1.0237504
1.0239649
1.024371
1.0243824
1.0244619
1.0245872
1.0247693
1.0251237
1.0254252
1.0256444
1.025928
1.0262058
1.0264773
1.0266397
1.0266397
1.0264134
1.0260588
1.0258298
1.0258082
1.0256847
1.0255445
1.025302
1.0250714
1.025065
1.0251678
1.0253183
1.025472
1.0254837
1.0254673
1.025585
1.0257828
1.0258087
1.025729
1.0256488
1.0257641
1.0257306
1.0257612
1.0258226
1.025895
1.025843
1.0257252
1.0256406
1.0255759
1.0254908
1.0252213
1.0249087
1.0247056
1.0247898
1.0248646
1.0249095
1.0249612
1.0252166
1.0254847
1.0257454
1.0259665
1.0259424
1.0257558
1.0258429
1.0259491
1.0260272
1.0262206
1.0265944
1.0269164
1.0269164
1.0272135
1.0273197
1.0272677
1.0271246
1.0270249
1.0273068
1.0275383
1.027832
1.0282009
1.0285113
1.0287232
1.028863
1.0290569
1.029192
1.0291402
1.0290282
1.0287265
1.0286587
1.0289397
1.0291561
1.0295271
1.0299153
1.0304341
1.030745
1.0309299
1.0308093
1.030604
1.0304174
1.0303022
1.030115
1.0299854
1.029878
1.0299193
1.0298555
1.0299442
1.0297257
1.0295142
1.0292932
1.029307
1.0292135
1.0290958
1.0290539
1.0290674
1.0291399
1.029394
1.0296893
1.029957
1.0303074
1.0303074
1.0307497
1.0313561
1.0317854
1.0320367
1.0324177
1.0329148
1.0333625
1.0337205
1.0342522
1.0347404
1.0353926
1.0359151
1.0364002
1.0369576
1.037477
1.0380412
1.0386877
1.0389885
1.039294
1.0395951
1.0400829
1.0403045
1.0404673
1.0406862
1.0408922
1.040919
1.0407498
1.0405663
1.040551
1.0404468
1.0402777
1.0400593
1.0400088
1.0401676
1.0403799
1.0404173
1.0401431
1.0397278
1.039283
1.0388492
1.0384582
1.0380195
1.0376779
1.0374306
1.0372689
1.0370129
1.0367324
1.0364963
1.0364963
1.036645
1.036539
1.0362117
1.0360111
1.0361013
1.0361816
1.0359831
1.0359584
1.03585
1.0357198
1.0354596
1.0354255
1.0352914
1.0351566
1.0349853
1.0349479
1.0349165
1.0350492
1.035092
1.0352904
1.035472
1.0354507
1.0358387
1.0363809
1.0368453
1.0373629
1.0377734
1.0380728
1.0382943
1.038584
1.0390869
1.0394994
1.0398107
1.0401886
1.0404066
1.0407351
1.0410073
1.0411841
1.0412104
1.0411801
1.0412511
1.0412225
1.0412518
1.0410292
1.0409478
1.0409861
1.0410148
1.041087
1.041087
1.0410663
1.0410316
1.0411907
1.0414697
1.0416704
1.0419326
1.0422688
1.0426823
1.043222
1.0438466
1.0443261
1.044662
1.0450908
1.0453373
1.0456471
1.0462011
1.0466746
1.0470811
1.0475819
1.0477138
1.0479409
1.0484166
1.0489129
1.0493274
1.0496331
1.0500357
1.0505008
1.0509775
1.0515579
1.0521122
1.0529673
1.0535066
1.0537975
1.0545002
1.0554025
1.0560025
1.0564749
1.0570922
1.0573326
1.057444
1.0575308
1.057655
1.0577322
1.0577291
1.0576764
1.0576352
1.0576073
1.0575846
1.0575846
1.0577053
1.0576335
1.05754
1.0574174
1.0572284
1.0569465
1.0566638
1.0562629
1.055777
1.0552902
1.0547414
1.0544053
1.0541201
1.0536956
1.0532938
1.0530329
1.0528181
1.0524826
1.0520568
1.0516089
1.051098
1.0505711
1.0498728
1.0490462
1.0485543
1.0482677
1.0480119
1.0476915
1.0474737
1.0471411
1.0469254
1.046948
1.0467616
1.0464674
1.0462542
1.0461998
1.045951
1.0456979
1.0457588
1.0458169
1.0459322
1.0462141
1.0470393
1.0480062
1.0486809
1.0495347
1.0503659
1.0508887
1.0508887
1.0512168
1.0515393
1.0519159
1.052094
1.0521498
1.0520997
1.052321
1.0523145
1.0522608
1.0525458
1.0530987
1.0534594
1.0535027
1.053554
1.0538297
1.0538949
1.053572
1.053313
1.0536522
1.0538701
1.0539857
1.0540502
1.0541894
1.0542586
1.0541648
1.0539428
1.0541488
1.0544262
1.0546348
1.0549798
1.0553501
1.0556532
1.0558447
1.0559314
1.0556663
1.0557075
1.0556248
1.0554458
1.0551336
1.0548087
1.0547519
1.0546392
1.054434
1.0542008
1.0542793
1.0543576
1.0544077
1.0543424
1.0543424
1.0543296
1.0542778
1.0540255
1.0536822
1.0534197
1.0533202
1.0532839
1.053162
1.0530783
1.053058
1.0530905
1.0530813
1.0529845
1.0528358
1.0526692
1.0524682
1.0522336
1.0519128
1.0517316
1.051781
1.0518113
1.0516275
1.0514566
1.0512168
1.0510511
1.0508888
1.0507324
1.0506111
1.0506058
1.0505937
1.0505362
1.0504764
1.0505385
1.0504687
1.0502919
1.0500983
1.0501636
1.0501864
1.0500922
1.0499653
1.0501759
1.0503775
1.050344
1.050224
1.0503083
1.0505624
1.0507282
1.0506868
1.0506868
1.0507954
1.0509781
1.0512819
1.0516428
1.0519552
1.0523497
1.0526255
1.0526694
1.0525737
1.0527327
1.0529988
1.0530888
1.0532573
1.0533855
1.0535005
1.053472
1.0534272
1.0533329
1.0533291
1.0534114
1.0534947
1.0535617
1.053576
1.0534778
1.0534998
1.0536296
1.0538015
1.0539361
1.054121
1.0542445
1.0543193
1.0545788
1.05499
1.0552671
1.0556407
1.0560942
1.0564249
1.0566473
1.0568221
1.0570167
1.0572249
1.057387
1.0575309
1.0574716
1.0575202
1.0575793
1.0577555
1.0581592
1.0581592
1.0585151
1.0590482
1.0596557
1.060278
1.0608038
1.0611646
1.0614035
1.0616357
1.0620391
1.0622792
1.0625623
1.0628653
1.0633694
1.0637285
1.0640626
1.0644804
1.0652223
1.0658222
1.0662574
1.0667266
1.067234
1.0677124
1.0681475
1.0683233
1.068528
1.0689021
1.0692732
1.0696495
1.0701299
1.0705433
1.0710032
1.0712142
1.0712358
1.0713893
1.0714923
1.0716162
1.0718602
1.0720649
1.0722517
1.0723228
1.0723653
1.0723735
1.0723118
1.0722818
1.0721954
1.0720911
1.0719209
1.0718901
1.0718901
1.0720979
1.0721947
1.0720891
1.0721217
1.0722312
1.0722171
1.0722554
1.0722713
1.0723897
1.0726936
1.0728093
1.0727888
1.0727999
1.0728271
1.0728049
1.0726116
1.072525
1.072592
1.0725131
1.0722787
1.0723191
1.0723194
1.0723561
1.0723821
1.072277
1.0722474
1.0725778
1.0729287
1.073261
1.0735607
1.0741166
1.0745099
1.0746628
1.0745888
1.0744556
1.0742344
1.0739422
1.073638
1.0735383
1.0733151
1.0731419
1.0729253
1.0726612
1.0725789
1.0726111
1.0726452
1.0727515
1.0728964
1.0728964
1.0732708
1.0735853
1.073857
1.0742717
1.0745882
1.0748616
1.0750133
1.0751567
1.075208
1.0751731
1.0752252
1.0750986
1.0749344
1.0749145
1.0750347
1.0750383
1.075002
1.0749924
1.0750133
1.0748909
1.0745435
1.0740008
1.073521
1.0731128
1.0726554
1.0723543
1.072073
1.0718267
1.0714933
1.0712491
1.0711867
1.0711552
1.0710316
1.070841
1.0706642
1.0707662
1.0708802
1.0713687
1.0718042
1.0721827
1.072654
1.0729984
1.0732162
1.0732777
1.0733844
1.0734904
1.0735583
1.0737139
1.0737139
1.0738989
1.0742538
1.0746388
1.075088
1.0756329
1.075926
1.0762885
1.0768676
1.0772468
1.0773593
1.0775473
1.0779699
1.0782747
1.0784854
1.078695
1.0789543
1.0791941
1.0791851
1.0792258
1.0792305
1.0791727
1.0790151
1.0787182
1.0786769
1.0787292
1.0788282
1.0788704
1.0791824
1.0794749
1.0798002
1.0800834
1.0802095
1.080264
1.0802925
1.0802246
1.0800941
1.0799899
1.0799516
1.0799452
1.0799068
1.0800505
1.0803882
1.0806751
1.0808018
1.0806873
1.0807068
1.0806214
1.0806267
1.0806267
1.080721
1.0807759
1.0808413
1.0809333
1.0810912
1.081183
1.081265
1.0814937
1.0816865
1.0818964
1.0821536
1.0822407
1.0822378
1.0821066
1.0823653
1.0825332
1.082602
1.0826848
1.082795
1.0830544
1.0832387
1.0834907
1.0836558
1.0836843
1.0837463
1.0839018
1.0840676
1.0841991
1.0844096
1.0844114
1.0843736
1.0843358
1.0843905
1.0845914
1.084793
1.0849836
1.0852002
1.0853773
1.0854895
1.0854683
1.0853561
1.0853903
1.0853032
1.0849545
1.0847892
1.084628
1.084412
1.0843431
1.0843431
1.0842079
1.0842357
1.0842583
1.0842037
1.0841335
1.0841812
1.0843978
1.084468
1.0845202
1.0845736
1.0847539
1.08485
1.0848134
1.0847431
1.0846756
1.0845639
1.0843698
1.084228
1.0842013
1.0843867
1.084564
1.0847626
1.0849853
1.0852168
1.0854307
1.0857283
1.0860074
1.0863985
1.0865141
1.0863677
1.0863012
1.0863723
1.08635
1.0860863
1.0857247
1.0856774
1.0856196
1.0853693
1.0850618
1.0848951
1.0848626
1.0847546
1.084434
1.0841442
1.0838614
1.0836275
1.0834326
1.0830503
1.0830503
1.0827025
1.082394
1.0821308
1.0818105
1.0815417
1.081402
1.0814258
1.0813866
1.081302
1.0810215
1.0808915
1.0809244
1.0810311
1.0810795
1.0811344
1.0811362
1.0812528
1.0812907
1.081383
1.0814509
1.0816396
1.0815232
1.0813193
1.0812336
1.0811046
1.0808176
1.080566
1.0806807
1.080826
1.0809635
1.081109
1.0813488
1.0815756
1.0817186
1.0816962
1.0818009
1.0821043
1.082312
1.0824587
1.0827745
1.0830637
1.0832722
1.0832518
1.0830953
1.0829235
1.0827999
1.0825841
1.0822926
1.0822926
1.0819503
1.0815463
1.0812898
1.0810376
1.0808952
1.080812
1.0808294
1.0808848
1.0808494
1.0807457
1.0808163
1.0809306
1.0811275
1.0813183
1.0814832
1.081727
1.0820159
1.0823061
1.0825825
1.0827988
1.0829486
1.0829269
1.0832846
1.0836551
1.0838423
1.0839378
1.0839618
1.0839393
1.0839564
1.083928
1.0838908
1.0838566
1.0839305
1.0840392
1.0840874
1.0841374
1.0842519
1.0842804
1.0842394
1.0840195
1.0839047
1.083684
1.0836303
1.0836326
1.0837197
1.0838118
1.0838386
1.0838023
1.0838023
1.083697
1.0835618
1.0838487
1.0840526
1.0842569
1.0844696
1.0848595
1.0851002
1.0852981
1.0853658
1.0854847
1.0856845
1.0858607
1.085901
1.0861115
1.0863445
1.0865626
1.0866576
1.0866395
1.0867162
1.0867276
1.0864917
1.08639
1.08646
1.0866377
1.0866874
1.0867834
1.086894
1.0870277
1.0870762
1.0870463
1.086989
1.0869164
1.0869302
1.0869306
1.0867581
1.0867814
1.0867424
1.0867563
1.0869323
1.0870095
1.08697
1.0869845
1.0870534
1.0869658
1.0868114
1.0867555
1.0867047
1.0867047
1.0866449
1.0864681
1.0862939
1.0862355
1.0861915
1.0860987
1.0860224
1.0860863
1.0859758
1.0859146
1.0857897
1.0857179
1.0856961
1.085819
1.0858824
1.0860059
1.0861921
1.0863633
1.0864891
1.0865741
1.0867304
1.0868511
1.0869855
1.0870292
1.0870074
1.087044
1.0871022
1.0870982
1.0870012
1.0867549
1.0864432
1.0861759
1.0859326
1.0858307
1.0857083
1.0856367
1.0855575
1.0854244
1.0853927
1.0855118
1.0856438
1.0858024
1.0858665
1.0860025
1.0860311
1.0860323
1.0861562
1.086277
1.086277
1.0863147
1.0863315
1.0863314
1.0861905
1.0860026
1.0858485
1.0861378
1.0864828
1.0866419
1.0866709
1.0867668
1.087003
1.0869424
1.0867407
1.0865183
1.0864327
1.086474
1.0864059
1.086187
1.0859905
1.0860565
1.0861129
1.0860958
1.0859803
1.086139
1.0861976
1.0862238
1.0861924
1.0861363
1.0860974
1.086088
1.0859853
1.0858483
1.0857507
1.0857654
1.0858216
1.085899
1.0858579
1.0858865
1.0858829
1.0857706
1.0856943
1.0856087
1.085526
1.085415
1.085349
1.0852803
1.0854455
1.0854455
1.0855858
1.0856694
1.0856599
1.0855012
1.0853015
1.0851785
1.0849721
1.0846837
1.0844063
1.0841414
1.0840412
1.0839373
1.0838244
1.0838219
1.0836318
1.0835572
1.0836186
1.0835375
1.0834537
1.0833596
1.0833362
1.0831548
1.0828803
1.0826397
1.0825377
1.0823079
1.0820339
1.0816611
1.0813314
1.0809189
1.0806959
1.0804436
1.0802901
1.0802709
1.0804341
1.0805601
1.080786
1.0807519
1.0806913
1.0806223
1.0803978
1.0800892
1.0799625
1.0799414
1.0798429
1.0798
1.0797844
1.0796458
1.0796458
1.0796376
1.0796732
1.0798604
1.0799495
1.0800389
1.080179
1.0807716
1.0812013
1.0815022
1.0818138
1.0821035
1.0824655
1.0826948
1.08285
1.0830219
1.083027
1.0831848
1.0831735
1.0832492
1.0833905
1.0837181
1.0839552
1.0843401
1.08468
1.0849565
1.085338
1.0857071
1.0858845
1.0861148
1.0863845
1.0866138
1.0867738
1.0869652
1.0871474
1.087455
1.0877335
1.0877185
1.0876306
1.0875521
1.0873445
1.0871214
1.0870496
1.0874707
1.0877873
1.0881118
1.0883873
1.0886157
1.0887997
1.0887997
1.0889256
1.08908
1.0891457
1.0891956
1.089265
1.0894359
1.0895385
1.089463
1.0895259
1.0895472
1.0895654
1.0896198
1.0895963
1.0895758
1.0895617
1.0896037
1.0896099
1.0894388
1.0893825
1.0893954
1.0894802
1.0896691
1.0898205
1.090105
1.0904148
1.0905874
1.0907935
1.0908486
1.0910807
1.0912381
1.0913532
1.0915056
1.0916079
1.0917448
1.0918251
1.0918324
1.0917011
1.0915123
1.0914073
1.0912488
1.0912865
1.0913836
1.0913471
1.091251
1.09121
1.0912452
1.0912086
1.0912569
1.0912569
1.0911181
1.0909562
1.091007
1.0910461
1.0909458
1.0908896
1.0909286
1.0909036
1.0909815
1.0909283
1.0908147
1.0907931
1.0907676
1.0906572
1.0904934
1.0902776
1.090093
1.0898203
1.089548
1.0891482
1.0887707
1.0884682
1.0882884
1.0881307
1.0879602
1.0878582
1.0878843
1.0879501
1.0880052
1.088089
1.0881763
1.0881764
1.0882326
1.0882124
1.0882684
1.0883129
1.0884632
1.0885715
1.0885441
1.0884645
1.0883397
1.088415
1.0885621
1.0885905
1.088743
1.0890231
1.0892345
1.0894077
1.0894077
1.0895765
1.0896786
1.089707
1.089715
1.0895964
1.0894212
1.0892133
1.0890948
1.0889702
1.0887928
1.088593
1.0883973
1.0881436
1.0880284
1.0879887
1.0878725
1.087803
1.0878247
1.0878087
1.0877258
1.0875689
1.0874664
1.0874621
1.0874157
1.0874244
1.087414
1.0874019
1.0874758
1.08755
1.087713
1.0878736
1.0879654
1.0880895
1.0882056
1.0883895
1.0886381
1.08884
1.0889369
1.0890256
1.0890962
1.0890566
1.0890509
1.0889533
1.0888126
1.0889461
1.0890377
1.0890976
1.0891095
1.0891095
1.0890845
1.0891441
1.0891155
1.0890288
1.0889723
1.0888655
1.0888302
1.0887165
1.088549
1.0884446
1.0883602
1.0882803
1.0882742
1.0881801
1.0880455
1.087914
1.0877802
1.0877112
1.0877339
1.0877283
1.0877134
1.0877004
1.0877883
1.0879115
1.0880201
1.0880939
1.0881008
1.088117
1.0880427
1.0880566
1.0879672
1.0878654
1.0877477
1.0876865
1.0875794
1.0874414
1.087238
1.0870472
1.0868338
1.0866699
1.0865934
1.0865432
1.0864215
1.0862765
1.0860835
1.085968
1.0859082
1.085902
1.085902
1.085836
1.0858256
1.0858542
1.0859898
1.0860562
1.0860838
1.0860558
1.0859945
1.0859647
1.0860248
1.0860416
1.0860224
1.0860214
1.0859538
1.0859683
1.0860226
1.0859901
1.0859298
1.0858885
1.0858319
1.0858271
1.0858309
1.08584
1.0858698
1.0858818
1.0858885
1.0858927
1.085892
1.0860044
1.0859692
1.0859092
1.0857964
1.0856087
1.0854664
1.0852453
1.0850643
1.0848716
1.0847361
1.0846182
1.0845519
1.0845304
1.0844802
1.084491
1.0845473
1.0846038
1.0847238
1.084886
1.0850344
1.0850344
1.0851077
1.0851917
1.0852343
1.0852424
1.0851752
1.0851294
1.0850545
1.0850143
1.0849234
1.084833
1.0848297
1.0848386
1.0848259
1.0848212
1.0848773
1.0849863
1.085079
1.0851437
1.0851643
1.0851542
1.0851662
1.0851998
1.0851929
1.0851148
1.0850072
1.0848565
1.0847752
1.0847424
1.0847399
1.0847497
1.0847354
1.084837
1.0851047
1.0852787
1.0853888
1.0855318
1.0856674
1.085724
1.085736
1.0857761
1.0858705
1.0859141
1.0858755
1.0858698
1.0858411
1.085821
1.0858264
1.085757
1.085757
1.0856583
1.0855938
1.0855672
1.085607
1.0856962
1.0857697
1.0857948
1.0857819
1.08578
1.0857852
1.0857856
1.0857818
1.085727
1.0856506
1.0855646
1.0855035
1.0854918
1.0855674
1.0856931
1.0858325
1.0859478
1.0860697
1.0862294
1.0864421
1.0866469
1.0868233
1.0869945
1.0871674
1.0873358
1.0875337
1.0877087
1.0878198
1.0879219
1.0879737
1.0880654
1.088183
1.0883312
1.0884175
1.0884837
1.0885129
1.0885881
1.0887091
1.0888097
1.08885
1.0888782
1.08899
1.0890561
1.0891002
1.0891002
1.0891832
1.0892419
1.089262
1.0892863
1.0893111
1.0893086
1.0893238
1.0893538
1.0894055
1.0895001
1.0895704
1.0896275
1.0896893
1.0897182
1.0896952
1.0896764
1.08962
1.0895859
1.0895832
1.0895811
1.0895597
1.0895237
1.0894763
1.0894827
1.0895169
1.0895272
1.08959
1.0896448
1.0896977
1.0897293
1.0897461
1.0897608
1.0897657
1.0897499
1.0897244
1.0896901
1.0896578
1.0896038
1.0895263
1.089421
1.0892985
1.0891342
1.0890132
1.0889155
1.0887979
1.0886992
1.0886319
1.0886416
1.0886416
1.0886397
1.0886481
1.0886341
1.088615
1.0886042
1.0886434
1.0886542
1.088682
1.088717
1.0887487
1.0887715
1.0887674
1.0887214
1.0886768
1.0886391
1.0886219
1.0886173
1.0885996
1.0885938
1.0885618
1.0885178
1.0884564
1.088424
1.088405
1.0884062
1.0884014
1.0883898
1.0884243
1.0884408
1.0884475
1.0884796
1.0885136
1.0885433
1.0885645
1.0885811
1.0886002
1.0885975
1.0886081
1.0886322
1.0886629
1.0886854
1.0887291
1.0887593
1.0887902
1.088798
1.0888019
1.0887933
1.0887938
1.0887938
1.0887897
1.0887797
1.0887706
1.0887651
1.088763
1.0887599
1.088766
1.0887586
1.0887483
1.088729
1.0886968
1.0886667
1.0886415
1.0886236
1.0885978
1.0885819
1.0885665
1.0885645
1.0885615
1.088542
1.0885309
1.0885245
1.0885117
1.088497
1.0884869
1.0884777
1.0884521
1.0884328
1.088413
1.0883955
1.0883796
1.0883667
1.08835
1.0883396
1.088317
1.0882894
1.0882736
1.0882645
1.0882492
1.0882165
1.0881793
1.0881542
1.0881274
1.0881065
1.0880835
1.0880612
1.088045
1.088024
1.041087
