5.0
5.0
5.0
4.9999976
4.9999633
4.9998493
4.9996395
4.99967
4.999354
4.9988956
4.998313
4.9976287
4.996958
4.996224
4.9954724
4.994688
4.9943156
4.9938765
4.993248
4.992498
4.9916553
4.991851
4.9921517
4.9922695
4.9927306
4.992952
4.9933114
4.9937196
4.9943843
4.995208
4.9961004
4.9970517
4.9979253
4.998877
4.9997535
5.00065
5.001431
5.002166
5.002831
5.003249
5.003607
5.0038805
5.004152
5.00442
5.004479
5.004526
5.00456
5.0046124
5.004721
5.004721
5.0049114
5.0050645
5.0053062
5.0053806
5.00562
5.00604
5.006272
5.0066433
5.006953
5.0072985
5.007706
5.008053
5.0084925
5.0090117
5.009621
5.010089
5.010634
5.0111647
5.011838
5.0125465
5.013113
5.013762
5.0142455
5.01476
5.015298
5.015668
5.0159974
5.0163584
5.016698
5.016995
5.0173106
5.0176635
5.0179944
5.018233
5.018416
5.018619
5.018755
5.018852
5.01892
5.019128
5.019275
5.0192723
5.0191803
5.018989
5.018349
5.0175104
5.016293
5.0151095
5.0151095
5.0138125
5.012352
5.0107684
5.0092306
5.0077763
5.006321
5.00472
5.00312
5.0013757
4.999539
4.9975967
4.9955993
4.9935317
4.9914036
4.9893136
4.9871793
4.9851193
4.9830546
4.980944
4.978785
4.9766026
4.9744287
4.972267
4.970162
4.968054
4.9658775
4.963861
4.9618077
4.9598136
4.957763
4.955775
4.953785
4.9518647
4.949832
4.9477925
4.9457784
4.9437523
4.9416404
4.9394608
4.937335
4.93518
4.9329886
4.930782
4.9284945
4.926185
4.924027
4.9219174
4.919802
4.919802
4.9176354
4.915385
4.913062
4.91084
4.9086556
4.9064517
4.9041553
4.901866
4.899658
4.8973684
4.895051
4.892722
4.8904204
4.888059
4.885654
4.8832607
4.8809094
4.878541
4.876216
4.873924
4.8716226
4.8693943
4.867146
4.8649316
4.8627973
4.860665
4.8585777
4.856444
4.854317
4.8521867
4.850019
4.8478465
4.8457675
4.8437076
4.8416905
4.839722
4.837703
4.8356895
4.833681
4.8316436
4.8295655
4.8274617
4.8253975
4.823383
4.821423
4.8194776
4.817551
4.8155785
4.8155785
4.8136163
4.811698
4.809771
4.807809
4.805853
4.8038754
4.801915
4.799931
4.7979355
4.795878
4.7938075
4.7915916
4.789313
4.7871685
4.7851276
4.7831507
4.781284
4.779403
4.7775474
4.775764
4.773977
4.7722516
4.77049
4.768674
4.766947
4.765256
4.763633
4.761911
4.760205
4.7585654
4.7568474
4.7551394
4.7534666
4.751751
4.750023
4.7483068
4.7465534
4.744844
4.7430444
4.741293
4.7395515
4.737774
4.736062
4.7343473
4.7326927
4.731098
4.7295423
4.728017
4.728017
4.7264385
4.7249136
4.72334
4.721793
4.720255
4.718674
4.7171116
4.715471
4.7138495
4.712273
4.710744
4.7091146
4.7075233
4.705989
4.7044444
4.7028623
4.7013106
4.6998463
4.698451
4.6969404
4.6952815
4.6935234
4.6917787
4.6900406
4.688307
4.6866064
4.684931
4.6832647
4.681605
4.679974
4.6784263
4.676856
4.6753125
4.6737747
4.672243
4.6707115
4.669193
4.6676455
4.666084
4.66458
4.6630855
4.6615767
4.659872
4.6580963
4.6563234
4.6545353
4.652669
4.650844
4.650844
4.6490936
4.6473513
4.645612
4.6439447
4.642324
4.640676
4.6390557
4.6374955
4.6359005
4.6343193
4.632725
4.631132
4.6295967
4.6280317
4.6265087
4.6249804
4.6234503
4.621879
4.6203446
4.61883
4.617341
4.6158643
4.614377
4.612939
4.611562
4.610189
4.60879
4.607315
4.605844
4.6043715
4.602944
4.601398
4.5998554
4.5982585
4.596711
4.595193
4.59371
4.5921793
4.5906982
4.5891905
4.587631
4.586004
4.5844026
4.5828533
4.5813518
4.5798063
4.5783033
4.576822
4.576822
4.575362
4.5739217
4.5724483
4.570931
4.569374
4.56786
4.5662766
4.5647373
4.563216
4.561729
4.5602655
4.5587406
4.5572486
4.555812
4.554288
4.5527883
4.551347
4.5499134
4.548518
4.5471435
4.5457683
4.5442815
4.542831
4.5413933
4.539992
4.538615
4.537192
4.535793
4.5344067
4.5330024
4.5316205
4.530301
4.5290027
4.5277066
4.5264053
4.5251412
4.5238395
4.522523
4.5211344
4.5197196
4.5182834
4.5168233
4.5153275
4.5138063
4.512099
4.510371
4.508707
4.5071154
4.5071154
4.5055346
4.50399
4.5024247
4.5008936
4.499366
4.497874
4.496348
4.4948726
4.493319
4.491783
4.490264
4.488696
4.487156
4.4855766
4.4840574
4.4824624
4.4809065
4.4793386
4.477736
4.4761543
4.474591
4.4730406
4.4714346
4.469878
4.468262
4.4665923
4.4649124
4.463287
4.461714
4.460142
4.4585166
4.456862
4.4551687
4.453454
4.451763
4.450111
4.4483905
4.4467077
4.4450517
4.4434786
4.441957
4.4404554
4.438947
4.437409
4.4359264
4.434359
4.432715
4.4310164
4.4310164
4.429286
4.4275193
4.4258065
4.42409
4.4224653
4.420867
4.4192996
4.417776
4.4162765
4.4147053
4.413141
4.411584
4.410097
4.40864
4.407141
4.405683
4.404147
4.402601
4.401035
4.3995
4.3979144
4.3962817
4.3945956
4.3928423
4.391041
4.389278
4.3875427
4.38583
4.3841605
4.3825126
4.380899
4.3792443
4.3776116
4.376022
4.374439
4.3729196
4.3714213
4.3698664
4.368324
4.366764
4.3652315
4.3636575
4.362116
4.360554
4.359035
4.3575397
4.3560185
4.3545413
4.3545413
4.3530297
4.351534
4.35
4.348471
4.346924
4.3453655
4.34373
4.3421288
4.3405924
4.3390856
4.337584
4.3360033
4.334459
4.332917
4.331383
4.3297977
4.328132
4.3264117
4.3247776
4.323196
4.3216534
4.3201704
4.318715
4.317224
4.315743
4.314312
4.3129005
4.3115325
4.310161
4.3088064
4.3074036
4.305954
4.304446
4.3029575
4.3014245
4.299954
4.298502
4.297051
4.2954755
4.293903
4.292378
4.2908525
4.289175
4.2875543
4.2859592
4.2843776
4.2827735
4.281218
4.281218
4.2796617
4.2781544
4.276631
4.275134
4.273605
4.2720675
4.270481
4.2688518
4.267286
4.265767
4.2642674
4.262784
4.2612967
4.2598166
4.2583437
4.2568493
4.2553096
4.2537894
4.2522893
4.2508082
4.249315
4.2478037
4.246285
4.244729
4.243142
4.241516
4.2398777
4.2382555
4.2366657
4.2350783
4.2335043
4.2318845
4.2302747
4.2286987
4.227166
4.225627
4.2240033
4.222413
4.220833
4.219171
4.2175336
4.2159085
4.2143383
4.2126822
4.2110386
4.2093725
4.207756
4.2059975
4.2059975
4.204253
4.2025304
4.200862
4.199196
4.197538
4.1958494
4.1941857
4.192512
4.1908474
4.189128
4.1873255
4.185519
4.183675
4.181875
4.180195
4.178609
4.177042
4.1754255
4.1737804
4.172213
4.170641
4.169054
4.1675014
4.1658726
4.1641617
4.162445
4.1607323
4.1589007
4.1571
4.155375
4.153657
4.1519547
4.1503034
4.14864
4.146931
4.1452236
4.1435804
4.141944
4.1403136
4.13866
4.137018
4.135181
4.1334214
4.1317196
4.1300488
4.1284423
4.1267624
4.125078
4.125078
4.123429
4.1218157
4.1202106
4.118653
4.1168623
4.1151466
4.1134677
4.111804
4.110162
4.108552
4.106889
4.1052547
4.1035423
4.101842
4.1002054
4.098539
4.096857
4.0951424
4.0934005
4.091685
4.090043
4.0884213
4.0868554
4.085302
4.083772
4.0822425
4.0806713
4.079119
4.0775976
4.0761356
4.074598
4.073005
4.0714025
4.069767
4.068151
4.0665464
4.064967
4.063414
4.061811
4.060204
4.0585594
4.056889
4.0552363
4.053589
4.0519495
4.050223
4.0484176
4.0466704
4.0466704
4.045003
4.0433908
4.0417914
4.0402093
4.0386033
4.03704
4.035463
4.0338144
4.032166
4.0304995
4.028795
4.027016
4.025302
4.0236115
4.0217485
4.0198665
4.018029
4.0162296
4.0144906
4.0127277
4.010992
4.0093193
4.0076885
4.006063
4.0044413
4.002664
4.000893
3.999154
3.9974544
3.9957557
3.9940937
3.9924564
3.9907584
3.9890554
3.987378
3.9857087
3.9840024
3.98225
3.980448
3.978698
3.9769273
3.9751358
3.9733438
3.971537
3.9697592
3.9679494
3.9661925
3.9644089
3.9644089
3.9626515
3.9609008
3.9591212
3.9572468
3.9553638
3.953559
3.9517782
3.9500082
3.9482446
3.9464712
3.9447474
3.9430635
3.941256
3.9393473
3.9374952
3.9356754
3.9339461
3.932195
3.9304261
3.9285448
3.9267058
3.9248903
3.9230301
3.9211433
3.9193244
3.9175773
3.915899
3.914273
3.9126658
3.9110787
3.9094758
3.9078991
3.90618
3.904365
3.902523
3.9007432
3.8989499
3.8970854
3.895151
3.8932192
3.891364
3.8895826
3.8878496
3.8861072
3.8843682
3.8826685
3.880983
3.879351
3.879351
3.8776302
3.8759072
3.8741622
3.8724463
3.8706872
3.8688805
3.8670793
3.865153
3.8632667
3.8614504
3.8596976
3.8579533
3.856201
3.8544166
3.8526597
3.8509297
3.8491907
3.8474581
3.8456256
3.8437865
3.8419604
3.8401985
3.8384976
3.8368227
3.8350804
3.8333619
3.831598
3.829818
3.8280451
3.8261683
3.8243022
3.8224418
3.8206065
3.8188064
3.8169854
3.8151767
3.8133852
3.8116057
3.8098035
3.808054
3.8062541
3.8044417
3.802629
3.8007698
3.798883
3.7969987
3.7949798
3.793003
3.793003
3.7910256
3.789043
3.787091
3.785196
3.7832747
3.781406
3.779577
3.7778199
3.7761168
3.7743852
3.7726548
3.7708511
3.7690651
3.7671366
3.7652373
3.7633793
3.7614257
3.759488
3.757541
3.755633
3.753745
3.751854
3.7499704
3.748153
3.7463195
3.744434
3.7425876
3.7406216
3.7386918
3.7367625
3.734837
3.73292
3.730975
3.7289612
3.7269616
3.724954
3.7229953
3.7210455
3.7190115
3.7170289
3.7150912
3.7131596
3.7110405
3.708861
3.7067354
3.7046456
3.7025437
3.7003767
3.7003767
3.6982505
3.6961658
3.6940572
3.6919148
3.6898465
3.6878402
3.6857967
3.6837935
3.6818216
3.6798644
3.6779351
3.6759992
3.6739194
3.6719046
3.6699247
3.667951
3.6660202
3.6641157
3.6622365
3.660324
3.6582465
3.6560915
3.6540213
3.651935
3.6499171
3.6479635
3.6460617
3.6440594
3.642165
3.6403167
3.6384933
3.6366687
3.6347322
3.6328037
3.630834
3.6288197
3.6267872
3.624748
3.6226144
3.620539
3.6184514
3.6163914
3.61431
3.6122172
3.6101007
3.608022
3.6059701
3.6039548
3.6039548
3.60189
3.599833
3.5978067
3.5957842
3.593797
3.591635
3.589429
3.5872216
3.5850525
3.582911
3.5808637
3.578818
3.5768235
3.5748994
3.57295
3.571015
3.5690145
3.5669975
3.5649133
3.5627856
3.5607252
3.5587106
3.5565178
3.5543787
3.5523045
3.550328
3.5483754
3.54649
3.5445762
3.542589
3.540651
3.5387082
3.5367274
3.5347488
3.5328014
3.5309072
3.5290558
3.5272057
3.5253024
3.523396
3.5214174
3.5193832
3.5173855
3.5154777
3.5135942
3.511605
3.5096245
3.5076885
3.5076885
3.5057764
3.503849
3.5018997
3.4998343
3.497791
3.4957333
3.4936874
3.491666
3.4896574
3.4876556
3.4856389
3.4836793
3.4816806
3.479634
3.4775016
3.4753754
3.47324
3.471108
3.4690478
3.4670134
3.4649785
3.4629846
3.4609795
3.458968
3.4568584
3.4546702
3.4524324
3.4501953
3.4479418
3.4457378
3.443549
3.4414024
3.4392269
3.4371033
3.4349391
3.432719
3.430535
3.4283216
3.426052
3.4238122
3.4216137
3.419429
3.417291
3.4150567
3.4128637
3.410538
3.4081848
3.4059696
3.4059696
3.4036784
3.4014082
3.399121
3.3968444
3.3945987
3.392438
3.3903713
3.3882833
3.3861792
3.384125
3.382015
3.379837
3.3776722
3.3755517
3.3734941
3.3714051
3.3692858
3.3671145
3.3649948
3.3628669
3.3606906
3.35848
3.3563228
3.3541043
3.351865
3.3496099
3.3473933
3.3452394
3.3430955
3.3407986
3.3384714
3.3361964
3.3339107
3.3316488
3.3294275
3.3272028
3.3249125
3.322593
3.320323
3.3180556
3.315798
3.313571
3.3113222
3.3090231
3.3066995
3.3043416
3.3019798
3.29957
3.29957
3.297226
3.2948859
3.292487
3.2901335
3.28779
3.28555
3.2833204
3.2809336
3.2785363
3.2761834
3.2738543
3.2715127
3.2691488
3.2668412
3.2643552
3.2618427
3.2592986
3.2566748
3.2541208
3.2516146
3.2491806
3.2466865
3.2441967
3.2416852
3.2392213
3.2368066
3.2344437
3.2320805
3.2297666
3.2274125
3.2250874
3.222745
3.2203617
3.2179806
3.2156315
3.213279
3.2108896
3.2086172
3.2063346
3.204087
3.2018235
3.1995838
3.1973486
3.1951046
3.192831
3.1905532
3.1882234
3.185923
3.185923
3.1836896
3.181408
3.179146
3.1767583
3.174449
3.1721466
3.1698036
3.1673946
3.1650534
3.1626902
3.1604097
3.1581895
3.1559613
3.153631
3.151165
3.1487508
3.1463919
3.144081
3.1417909
3.1395116
3.1370084
3.1343787
3.1318593
3.1294186
3.1270254
3.124738
3.1224294
3.1199346
3.1174085
3.1148522
3.1123054
3.1098363
3.107359
3.1049426
3.1024976
3.0999293
3.097353
3.0947673
3.0921888
3.0896595
3.0871959
3.084686
3.08214
3.0796294
3.07708
3.0746017
3.0721376
3.0697503
3.0697503
3.0674403
3.065164
3.0628927
3.0606441
3.0584662
3.0562992
3.0540864
3.0517952
3.0494456
3.0471017
3.0448298
3.0425756
3.0401778
3.0376635
3.035206
3.032629
3.0300665
3.0275402
3.0250971
3.022551
3.02002
3.0174596
3.0149057
3.0123262
3.0097628
3.007307
3.0048645
3.0024273
3.0000198
2.9975595
2.9951415
2.9926496
2.990119
2.9876506
2.9852657
2.982875
2.980457
2.9780753
2.975584
2.9730213
2.970594
2.9681873
2.9658773
2.9635878
2.9611661
2.958851
2.9565175
2.9542031
2.9542031
2.9518266
2.9494858
2.94705
2.9444845
2.9419742
2.9395375
2.9371943
2.9348829
2.9326997
2.9304814
2.928303
2.9261022
2.9238677
2.9217043
2.9195192
2.9172468
2.91485
2.91248
2.9102118
2.908005
2.9058404
2.9036891
2.9015439
2.8993335
2.897207
2.8950372
2.892866
2.89064
2.8884203
2.8861818
2.883879
2.8815763
2.879393
2.8772173
2.8749719
2.8730206
2.870936
2.868874
2.8669345
2.8650262
2.8631558
2.8612456
2.8592656
2.8571415
2.855006
2.8527625
2.85051
2.8483317
2.8483317
2.8461723
2.843977
2.8416555
2.8393202
2.8370776
2.8348968
2.8327427
2.8305838
2.8283095
2.8260472
2.8237672
2.8215039
2.8192701
2.8170688
2.814989
2.8129787
2.8109643
2.8088925
2.8068917
2.8050113
2.803097
2.801098
2.7990198
2.796894
2.7948294
2.792803
2.790866
2.7889416
2.7869127
2.7848577
2.7827837
2.7808106
2.778831
2.7768476
2.7749307
2.773009
2.7710764
2.7692785
2.767426
2.765621
2.7637513
2.7617662
2.7597125
2.757705
2.7558181
2.7539146
2.751865
2.7498474
2.7498474
2.7479594
2.746135
2.744292
2.742512
2.740805
2.7389553
2.7370443
2.7351277
2.7332783
2.7314694
2.7296693
2.7278695
2.7259884
2.7240913
2.7221346
2.7201557
2.7182763
2.7163758
2.7144337
2.7124755
2.7105062
2.708599
2.7066524
2.7045996
2.7026434
2.7007868
2.6989617
2.6970165
2.6950347
2.6930454
2.6910307
2.6890988
2.6872077
2.6853654
2.6835501
2.6817288
2.6798203
2.6779442
2.6761456
2.6744065
2.6727254
2.6710763
2.6694713
2.667715
2.6659214
2.664304
2.6627972
2.661259
2.661259
2.6596828
2.6581612
2.656676
2.655192
2.6536622
2.6521335
2.6505895
2.6490629
2.6475544
2.6458805
2.644274
2.6426377
2.6409495
2.6391602
2.637416
2.635659
2.6339176
2.6322272
2.6306114
2.6289995
2.6273975
2.625817
2.6243067
2.6225603
2.6210046
2.6196246
2.6182642
2.6168995
2.6155741
2.6142712
2.6128871
2.6112387
2.6095695
2.6080847
2.606534
2.6048844
2.6033633
2.6018615
2.600314
2.598637
2.5970762
2.5954587
2.593844
2.592165
2.590533
2.5887768
2.5870345
2.5854158
2.5854158
2.5840309
2.582514
2.5809143
2.5792778
2.5775974
2.5757914
2.5739872
2.572302
2.570716
2.5691407
2.5674677
2.5658553
2.5642068
2.562527
2.56092
2.5592642
2.5576246
2.555973
2.5542128
2.5525668
2.5510433
2.5494967
2.5480578
2.5467255
2.54534
2.5439029
2.5424411
2.540976
2.5395925
2.5382528
2.5368607
2.5354478
2.5339565
2.532497
2.531119
2.529638
2.5281196
2.5266669
2.5253356
2.523819
2.5222116
2.520751
2.5193374
2.5179045
2.5165584
2.5152628
2.5138545
2.5123231
2.5123231
2.5108607
2.509458
2.50819
2.5069072
2.505555
2.504218
2.5029082
2.5015972
2.5002675
2.4989572
2.49772
2.4962292
2.4947653
2.49344
2.4921577
2.4908624
2.489587
2.488334
2.4870403
2.485525
2.484047
2.482644
2.481344
2.4800122
2.4786026
2.4772863
2.475952
2.4744532
2.4727511
2.4711857
2.4698546
2.468408
2.466811
2.465208
2.4636898
2.4621685
2.460608
2.4592688
2.457965
2.4566627
2.4553351
2.4538589
2.4524853
2.4510558
2.4496264
2.4483213
2.4471278
2.445872
2.445872
2.4444976
2.4431667
2.4419744
2.4408522
2.4396777
2.438426
2.437296
2.4362113
2.4349353
2.4335525
2.432291
2.431109
2.4297755
2.428411
2.4271526
2.4259639
2.4247067
2.4232757
2.4218092
2.4203672
2.4189408
2.4175315
2.4160602
2.4146721
2.413324
2.4118872
2.4103992
2.4088993
2.4074938
2.4061518
2.404753
2.4033291
2.4019423
2.4005644
2.3990936
2.397657
2.3963792
2.3951104
2.3938708
2.3926191
2.3914716
2.390301
2.3890767
2.387718
2.38616
2.3847573
2.383442
2.3822231
2.3822231
2.381144
2.380031
2.3788419
2.3775551
2.3763053
2.374999
2.3737347
2.3725612
2.3714526
2.3703558
2.369207
2.3679328
2.3665762
2.3652482
2.3640623
2.3628561
2.3615873
2.3603482
2.359062
2.3578448
2.3565855
2.3555734
2.35455
2.3535116
2.3524933
2.351498
2.350408
2.3493013
2.3483422
2.3472905
2.3461556
2.3451095
2.3441696
2.3432214
2.3421226
2.3409443
2.33982
2.338699
2.3375022
2.3362796
2.335089
2.3340182
2.3328137
2.3315203
2.3304052
2.3292773
2.3280828
2.326837
2.326837
2.3256679
2.3244977
2.3232727
2.3218975
2.320576
2.3193483
2.318055
2.3167608
2.3154798
2.3142817
2.313058
2.31179
2.3104055
2.3091123
2.3079424
2.30675
2.3055153
2.3042464
2.3030448
2.3018496
2.3005633
2.299448
2.298387
2.2973588
2.296374
2.2953274
2.2943404
2.2933679
2.2922962
2.291095
2.2900307
2.289098
2.2881663
2.2871337
2.2859304
2.284825
2.283673
2.2824407
2.2812197
2.2801492
2.2790875
2.2779062
2.2766795
2.2755702
2.27441
2.2732334
2.2720318
2.2709088
2.2709088
2.2698298
2.2686312
2.267536
2.266534
2.26553
2.2644606
2.2634344
2.2624156
2.2614443
2.2602835
2.2590804
2.257991
2.2569602
2.25595
2.2549152
2.2538655
2.2527866
2.2516835
2.2505872
2.2495894
2.2487721
2.2478087
2.2467449
2.245725
2.2447538
2.2437649
2.2428477
2.242027
2.2410982
2.2400894
2.2391527
2.2383978
2.2376637
2.23685
2.235945
2.2350914
2.234311
2.233463
2.232625
2.23179
2.2309043
2.2299192
2.2287936
2.2276447
2.226482
2.2254224
2.2243881
2.2233522
2.2233522
2.222315
2.2211251
2.219961
2.2187517
2.2177792
2.216893
2.2160323
2.2151868
2.2142982
2.2134595
2.2126646
2.211977
2.2112527
2.210577
2.2097898
2.208961
2.2080948
2.2073019
2.2065003
2.205576
2.2045612
2.2034874
2.2025728
2.2016127
2.200478
2.1993873
2.1982725
2.197128
2.1960163
2.1949954
2.1940737
2.1932037
2.1923664
2.1914237
2.1904519
2.189493
2.1885982
2.1876888
2.1868403
2.1858122
2.1849005
2.1838806
2.182999
2.1821465
2.1813712
2.1805363
2.1796553
2.1787162
2.1787162
2.177731
2.1767867
2.1761472
2.1755123
2.1749036
2.1742473
2.173609
2.1727614
2.1718311
2.1707594
2.1697602
2.1688826
2.1680412
2.1671917
2.1665103
2.1657553
2.1648617
2.163824
2.162835
2.1618958
2.1609004
2.1596935
2.1585383
2.1574829
2.156561
2.155664
2.1548398
2.1540573
2.153303
2.1522887
2.1511815
2.1501915
2.1493251
2.1484962
2.1476943
2.1469092
2.1462228
2.1453302
2.1443927
2.1435428
2.1427755
2.1418874
2.1409962
2.1401856
2.1393924
2.1385791
2.137823
2.137122
2.137122
2.136394
2.1355515
2.1347625
2.134094
2.1333978
2.132623
2.131904
2.1312647
2.130469
2.12971
2.1289837
2.1281402
2.1273308
2.1265244
2.125699
2.1249075
2.1240742
2.123233
2.1224623
2.1216624
2.120885
2.1200771
2.119242
2.1183558
2.1173697
2.1164548
2.1156094
2.1148062
2.1139176
2.11293
2.1119103
2.11093
2.110006
2.1091387
2.108262
2.1074574
2.1066778
2.105848
2.1050751
2.1043906
2.1037097
2.1029785
2.102127
2.1012552
2.100281
2.099412
2.0985363
2.09778
2.09778
2.0969796
2.0961602
2.0953538
2.094382
2.0933948
2.0924025
2.091741
2.091021
2.0901885
2.0892882
2.0884762
2.0878108
2.0869863
2.0860817
2.0852365
2.0844564
2.0837045
2.0827377
2.0817428
2.0808854
2.0800948
2.0793192
2.078498
2.0776343
2.0768642
2.0759556
2.075033
2.0741286
2.0732245
2.0722957
2.071328
2.0703328
2.069357
2.0683124
2.0673206
2.0663872
2.0653677
2.0643144
2.0633078
2.0623496
2.06144
2.0604842
2.0594478
2.058445
2.0574925
2.056662
2.0557597
2.054948
2.054948
2.0541742
2.0534544
2.052703
2.051899
2.0511117
2.0503259
2.0494797
2.048606
2.047744
2.0469549
2.0463502
2.0456662
2.0450253
2.0443413
2.043492
2.042735
2.0420904
2.0413678
2.0406485
2.0399551
2.0393481
2.0386724
2.0378723
2.0371137
2.0364487
2.035589
2.0347528
2.0337842
2.0328774
2.031951
2.0310917
2.0302148
2.0293572
2.0285544
2.0278034
2.0269964
2.0262587
2.0253768
2.0244298
2.0236087
2.0226905
2.0217187
2.020855
2.020052
2.019099
2.018213
2.0173576
2.016522
2.016522
2.0158157
2.0150716
2.0144267
2.013746
2.0130453
2.0123296
2.0118642
2.0113032
2.0107064
2.010097
2.0094788
2.0089061
2.0082192
2.0074844
2.0068412
2.0061362
2.0055268
2.0048304
2.0042503
2.0038097
2.0033345
2.0028014
2.0022707
2.0017202
2.0011694
2.0006738
2.0001953
1.9996461
1.9990218
1.9984052
1.9977715
1.997104
1.9964864
1.9958934
1.9952632
1.994672
1.9938986
1.9930896
1.9922292
1.9914062
1.9906379
1.989965
1.9893953
1.9887279
1.9880923
1.9875177
1.9869752
1.9863992
1.9863992
1.9858007
1.9851168
1.9843131
1.9834385
1.982615
1.9818698
1.9810379
1.9800888
1.9792782
1.9784753
1.9776479
1.9769182
1.9761165
1.975354
1.97459
1.9738065
1.9730313
1.9721334
1.9712737
1.970438
1.9696343
1.9689814
1.9683824
1.9677958
1.9672364
1.9665676
1.9659798
1.9652845
1.9646509
1.9639815
1.9633106
1.9626042
1.9618006
1.9610299
1.9603406
1.9597539
1.959097
1.9583575
1.9576156
1.9568939
1.9561471
1.9554199
1.9545404
1.9536922
1.9529986
1.952375
1.9516754
1.9510102
1.9510102
1.9502093
1.9493281
1.9484303
1.9475156
1.9465303
1.945542
1.9446454
1.9437447
1.9429626
1.9420679
1.9412525
1.9406297
1.9399855
1.939335
1.9386392
1.9377984
1.9369241
1.9360381
1.9352896
1.9344798
1.9336698
1.9329789
1.9324187
1.9317997
1.9310553
1.9304297
1.929908
1.9292547
1.9283956
1.9276347
1.9270048
1.9263306
1.9256552
1.9248852
1.9242084
1.9235047
1.9227443
1.9219272
1.9210709
1.9201483
1.9190736
1.918047
1.9172435
1.9165343
1.9160011
1.9156059
1.9151262
1.914561
1.914561
1.9140642
1.9134461
1.912791
1.9121287
1.911343
1.9106021
1.9098656
1.9092383
1.9085066
1.9076622
1.9068266
1.9059542
1.9050072
1.9041036
1.9032173
1.9022589
1.9013569
1.9005237
1.8996711
1.898891
1.898263
1.8976815
1.8971372
1.8965942
1.8960919
1.8956066
1.8950579
1.8944756
1.8938395
1.8932666
1.8926297
1.8917838
1.8911059
1.8904698
1.8898958
1.8893498
1.8886825
1.887965
1.8873435
1.8866417
1.8858372
1.8851715
1.8845147
1.8838016
1.8832557
1.8826158
1.8819908
1.8813779
1.8813779
1.8806877
1.880008
1.8793138
1.8785883
1.8778822
1.8771143
1.8763423
1.8753997
1.8744549
1.8736376
1.8727452
1.871856
1.8710796
1.870357
1.8696488
1.868874
1.8681718
1.8673991
1.8668222
1.8662195
1.8656396
1.8650454
1.8645753
1.8640066
1.8635019
1.8629252
1.8622718
1.8615623
1.8607211
1.8599588
1.8590819
1.8583635
1.8576769
1.8569931
1.8562477
1.8555458
1.8547347
1.8539221
1.8529819
1.8521792
1.8514917
1.8509165
1.8502352
1.8494745
1.8486654
1.8479573
1.8472856
1.8466402
1.8466402
1.8458811
1.84512
1.8442652
1.8434489
1.8425581
1.841739
1.8408525
1.8399322
1.8389292
1.8381351
1.837373
1.8365418
1.8355992
1.8345395
1.8335959
1.8327606
1.8317964
1.8308989
1.8301914
1.8294653
1.8287233
1.8280162
1.8273723
1.8267903
1.8262129
1.825524
1.8247713
1.824091
1.823547
1.8227453
1.8219182
1.8211491
1.8203113
1.8194951
1.8186617
1.8179591
1.8172283
1.8164499
1.8156098
1.8148293
1.8141239
1.8134422
1.8127391
1.8120604
1.8113899
1.81093
1.8105623
1.8101659
1.8101659
1.8097138
1.8093444
1.8088932
1.8083915
1.8077332
1.8070607
1.8062838
1.8055815
1.8048204
1.8040372
1.803456
1.8029634
1.8024173
1.8018367
1.801244
1.8004264
1.7995288
1.7987266
1.7979472
1.7970878
1.7962164
1.795423
1.7946576
1.793855
1.7930428
1.7921278
1.7913104
1.7905055
1.7898089
1.7890617
1.7881254
1.7873913
1.7869774
1.786368
1.7856932
1.7851849
1.7848238
1.7842424
1.7835879
1.7829157
1.7824084
1.7818458
1.7810835
1.7804686
1.77972
1.7790114
1.7782918
1.777518
1.777518
1.7767459
1.7760627
1.7753453
1.7746153
1.7741282
1.7736907
1.7731323
1.77249
1.7718036
1.77108
1.770406
1.7697761
1.7690622
1.7682757
1.7674882
1.7667437
1.7660952
1.7654583
1.7648925
1.7643844
1.7637827
1.7631546
1.7625675
1.7619907
1.7613125
1.760581
1.7598804
1.7592498
1.7585667
1.7579454
1.7573316
1.7565655
1.7557173
1.7547762
1.7539788
1.7533044
1.7526891
1.7519541
1.7512331
1.7504052
1.7495998
1.748886
1.7481229
1.7473438
1.7466846
1.7461295
1.7455096
1.7448746
1.7448746
1.7444628
1.7438813
1.7431912
1.7425379
1.7419741
1.7413793
1.741009
1.7406942
1.7403213
1.7399642
1.7394423
1.738919
1.7383893
1.7377955
1.7370591
1.7363182
1.7355214
1.7348154
1.7342597
1.7336005
1.7329795
1.7323109
1.7316636
1.7311702
1.7307575
1.7302649
1.7296727
1.7290143
1.72836
1.7276726
1.7269619
1.7262124
1.7254713
1.7247523
1.724125
1.723427
1.7226769
1.7220045
1.7213537
1.720542
1.71964
1.7186539
1.7178782
1.7172108
1.7164187
1.7156814
1.7150553
1.7143718
1.7143718
1.7135404
1.7127695
1.7120187
1.7113457
1.7107673
1.7102479
1.7095665
1.7090069
1.7084063
1.7077874
1.7069536
1.7060364
1.7050734
1.7041478
1.7032064
1.7022634
1.7013896
1.7007061
1.7001563
1.6994166
1.6985679
1.6977015
1.6970335
1.6963934
1.695754
1.6950884
1.6944889
1.6940022
1.6934162
1.6927208
1.6920872
1.6914598
1.6907997
1.6900928
1.6893842
1.6888585
1.6882838
1.6876336
1.6869919
1.6863744
1.68573
1.6852064
1.6846395
1.6840099
1.683391
1.6828784
1.6823084
1.6816165
1.6816165
1.680884
1.6801975
1.6795843
1.6789445
1.6782626
1.6775466
1.677076
1.6764346
1.6756508
1.6747929
1.6739473
1.6731863
1.6724426
1.6717569
1.6710198
1.6704603
1.6699238
1.6694158
1.6687942
1.6680477
1.6674174
1.6667709
1.665937
1.6650776
1.6644316
1.6638237
1.6630088
1.6621907
1.6613959
1.6607208
1.6600374
1.6594073
1.6587678
1.6580658
1.6572614
1.6564513
1.6557595
1.6551071
1.6543571
1.6535017
1.6526148
1.6517892
1.6509225
1.6501038
1.6493195
1.6486402
1.647994
1.6472777
1.6472777
1.6466031
1.6458548
1.645073
1.6444247
1.6437274
1.6430568
1.6423534
1.6417292
1.641055
1.640389
1.6396172
1.6388426
1.6382034
1.6375606
1.6367886
1.6361243
1.6354818
1.6348907
1.63418
1.633373
1.6326632
1.6320016
1.6313224
1.6306139
1.6298711
1.6292363
1.6288136
1.6283981
1.6280171
1.6275914
1.6270953
1.6266128
1.6261164
1.6255258
1.6249005
1.6243308
1.6237773
1.6230882
1.6224707
1.6218548
1.6212721
1.6206294
1.6199493
1.6193917
1.619018
1.6184661
1.6178762
1.617319
1.617319
1.6168001
1.6161984
1.615727
1.6151305
1.614589
1.6142918
1.6140525
1.6139562
1.6137621
1.6135097
1.6130863
1.6125128
1.6119417
1.6112182
1.6104236
1.6095786
1.6086637
1.6076962
1.6068308
1.6060103
1.6052471
1.6045328
1.6038367
1.6031177
1.6025017
1.601942
1.6013016
1.6006622
1.6000025
1.5992432
1.5984515
1.5976185
1.5970136
1.596549
1.5960546
1.5954887
1.5949214
1.5943879
1.5937706
1.5931057
1.5924743
1.5918491
1.5913203
1.5907134
1.5900964
1.5894649
1.5889503
1.5885755
1.5885755
1.5882517
1.5878898
1.587526
1.587106
1.5866516
1.586262
1.585882
1.5853916
1.5850341
1.5845964
1.584213
1.5836984
1.5832795
1.5827135
1.5821321
1.5816005
1.5809977
1.5803393
1.5797776
1.5791299
1.5783975
1.5776986
1.5768687
1.5760237
1.5752276
1.5744526
1.5737251
1.5730796
1.5724285
1.5716915
1.5710478
1.5704745
1.5699254
1.5693892
1.5688869
1.5683335
1.5676736
1.5668187
1.5659989
1.5651962
1.5645362
1.5637968
1.5630621
1.5625012
1.5619819
1.5611719
1.5606134
1.5600028
1.5600028
1.5596733
1.5593895
1.5590142
1.558532
1.5581113
1.5579323
1.5577343
1.5576206
1.5574764
1.5573014
1.5570161
1.5565203
1.5560391
1.5556667
1.5553755
1.5550379
1.5546043
1.5542134
1.5538541
1.5535638
1.5532101
1.5528013
1.5524955
1.5520873
1.5516955
1.551187
1.550706
1.550224
1.549718
1.5492091
1.5486369
1.5480707
1.5475008
1.5470229
1.5465988
1.5460294
1.5454172
1.5449547
1.5446025
1.5440229
1.5433434
1.5425872
1.5418931
1.541228
1.5405447
1.5399196
1.5392603
1.5386237
1.5386237
1.5381252
1.5374789
1.5368207
1.5362109
1.535596
1.5351115
1.5346832
1.5342876
1.5339649
1.5337536
1.5333897
1.5328556
1.5323198
1.531863
1.5313873
1.530924
1.5303937
1.5298826
1.5294211
1.528956
1.5284336
1.5279831
1.5274949
1.5269318
1.5264665
1.5259166
1.5253694
1.5248392
1.5244763
1.5240052
1.5235257
1.5232034
1.5229882
1.5226943
1.5223233
1.5219955
1.5216353
1.5211253
1.5205868
1.5200518
1.5195873
1.5191025
1.5184853
1.517779
1.5172399
1.5167215
1.5163972
1.5160712
1.5160712
1.5158011
1.5154806
1.5151731
1.5147933
1.5143608
1.5138669
1.5133523
1.5129808
1.5124749
1.5119737
1.5115646
1.5112053
1.5108397
1.5103986
1.5099862
1.5097543
1.509535
1.5090998
1.5084463
1.5078564
1.507352
1.5068622
1.5064249
1.5058799
1.5053487
1.5047148
1.5041915
1.503699
1.5031478
1.5026609
1.502321
1.5018939
1.5014504
1.5009204
1.5004606
1.5000901
1.4997308
1.4992135
1.4986209
1.4980184
1.4974232
1.4967457
1.4960676
1.4955161
1.4949974
1.4944506
1.4938593
1.4932417
1.4932417
1.4927132
1.4921058
1.4915391
1.4911715
1.4908427
1.4904971
1.4900064
1.489651
1.4891596
1.4886751
1.4881755
1.4876852
1.4873388
1.4871361
1.4868989
1.4866952
1.4863918
1.4860691
1.4856714
1.4852672
1.4848136
1.4843231
1.4838803
1.4835458
1.4831128
1.4824586
1.4818475
1.4813861
1.4810449
1.4805679
1.4800979
1.4797996
1.479486
1.47908
1.4786534
1.4784547
1.4783297
1.4781063
1.4776927
1.4774681
1.4774059
1.477378
1.4772488
1.4769758
1.476636
1.4763427
1.4759974
1.4754418
1.4754418
1.4748216
1.4743706
1.4740329
1.4735646
1.4730777
1.4725616
1.4720722
1.4718171
1.4714458
1.4707925
1.470172
1.4695061
1.4689126
1.468267
1.4676409
1.4671991
1.4667499
1.4662533
1.4656042
1.4649463
1.4645126
1.4639918
1.4634203
1.4629829
1.4625827
1.4622883
1.461906
1.4614164
1.4610366
1.4608061
1.4606606
1.4604465
1.4601091
1.4598106
1.4594334
1.4590857
1.4587923
1.4587
1.458668
1.4584194
1.4580157
1.4575862
1.4570969
1.456464
1.4558672
1.4553853
1.4549866
1.4545058
1.4545058
1.4539614
1.4534094
1.452797
1.4521109
1.4512528
1.4505789
1.4498894
1.4491612
1.448395
1.4476218
1.4469935
1.4466262
1.4462183
1.4458405
1.4454712
1.4451872
1.4448941
1.4446146
1.4442775
1.4440984
1.4437839
1.4434386
1.442985
1.4426609
1.4423689
1.4420706
1.4418328
1.4416326
1.4414035
1.4410518
1.440585
1.4402064
1.4398348
1.439382
1.4389813
1.4387085
1.4384097
1.4382005
1.4378738
1.4374915
1.4370072
1.4365698
1.4361074
1.4358095
1.4356356
1.435554
1.4354731
1.4352638
1.4352638
1.4349444
1.4346669
1.4344623
1.4342289
1.4339979
1.433723
1.4333936
1.43296
1.4323103
1.4316201
1.431124
1.4305954
1.4301602
1.429817
1.4295423
1.4292237
1.4286773
1.4282151
1.4276965
1.4273812
1.427156
1.4268287
1.4265728
1.4263544
1.4261091
1.425847
1.4256173
1.4254004
1.4251343
1.4248228
1.4246027
1.4242575
1.4240136
1.4237273
1.4234823
1.4232215
1.4228157
1.4224283
1.4221773
1.421905
1.4215497
1.4212669
1.4210182
1.4209434
1.4209282
1.4208575
1.4207985
1.420768
1.420768
1.420695
1.4206562
1.4205894
1.4204636
1.4203134
1.4199456
1.4194871
1.419086
1.4188863
1.4186751
1.4185754
1.4184946
1.4184523
1.4184004
1.4183987
1.418371
1.4183882
1.4183041
1.4181173
1.4179138
1.417945
1.4179031
1.4178078
1.4176441
1.4172591
1.4168557
1.4164778
1.4159805
1.4154404
1.4149565
1.4145565
1.4141685
1.4139092
1.4137434
1.4136018
1.4133968
1.4129598
1.4122682
1.4118112
1.4113587
1.4108125
1.4102534
1.4097692
1.4095523
1.4093859
1.4091405
1.4089141
1.4086984
1.4086984
1.4085559
1.4084344
1.4081062
1.4076539
1.4072794
1.4069351
1.4064895
1.4060534
1.4056385
1.4052491
1.4048498
1.404349
1.4039237
1.4034156
1.4030488
1.4026436
1.4022269
1.401835
1.4015713
1.4013247
1.4011068
1.4008356
1.4007608
1.4008336
1.4006237
1.4004396
1.4004387
1.4002686
1.4001472
1.400098
1.4000186
1.3999295
1.3997747
1.3994832
1.3993015
1.3990656
1.39883
1.398713
1.3986156
1.3984102
1.3980763
1.3976694
1.3974117
1.3969939
1.3966225
1.3962288
1.3957944
1.3952655
1.3952655
1.394716
1.3942289
1.3940077
1.3938754
1.3936926
1.3934757
1.393131
1.3927833
1.3925431
1.3923671
1.3921349
1.3917602
1.3914107
1.3908988
1.3905584
1.3903246
1.3901051
1.3898495
1.3895661
1.3891485
1.3886508
1.3882633
1.3880208
1.3877177
1.3874154
1.3873062
1.3870171
1.3865075
1.3861164
1.3856901
1.3852723
1.3847698
1.3841765
1.383673
1.3831843
1.3827734
1.3824232
1.3820125
1.3817154
1.3812591
1.3807366
1.3801717
1.3796775
1.3792453
1.3789332
1.3786197
1.3782712
1.3779259
1.3779259
1.3776307
1.3774436
1.3771868
1.3769137
1.3766129
1.3762656
1.3760203
1.3759272
1.3758556
1.3757534
1.3756287
1.3756076
1.3756284
1.3755344
1.3753688
1.3754742
1.3755935
1.3754495
1.3751634
1.375026
1.3749734
1.3749154
1.3747938
1.3747457
1.3749294
1.375107
1.3751347
1.3751115
1.3750868
1.3750306
1.3748176
1.3746574
1.374399
1.3742422
1.3739841
1.373642
1.3732592
1.372942
1.3728298
1.3726537
1.3724363
1.372277
1.3722893
1.372233
1.3721803
1.3719398
1.3717127
1.3714789
1.3714789
1.3711727
1.3707454
1.3702725
1.3699223
1.3696022
1.3691039
1.3685881
1.3680701
1.3674893
1.3671044
1.3665532
1.3660667
1.365717
1.3653481
1.3647324
1.3640572
1.3635535
1.3630093
1.3625396
1.3620188
1.3614398
1.3610274
1.3607213
1.3605056
1.360252
1.3600689
1.3598635
1.3596964
1.3594546
1.3591907
1.3591033
1.3592396
1.359182
1.3591154
1.3590205
1.3589468
1.3588955
1.3586892
1.3584856
1.358174
1.3578936
1.3577706
1.3576437
1.357444
1.3571357
1.3569691
1.3568566
1.3566687
1.3566687
1.3564332
1.3561319
1.3558173
1.3553541
1.3547522
1.3541867
1.3536853
1.3532917
1.352868
1.3525224
1.3523233
1.3520738
1.3518227
1.3515924
1.3514352
1.3512572
1.3511844
1.3511963
1.3512146
1.3510451
1.3509909
1.3510026
1.3510218
1.351001
1.3509071
1.3508404
1.3507705
1.3505605
1.3503461
1.3501217
1.3500075
1.3497888
1.3497257
1.3495334
1.3494648
1.3494875
1.3495474
1.3496488
1.3497627
1.3498588
1.3498205
1.349629
1.349477
1.3493406
1.3491126
1.3490287
1.3491436
1.3492161
1.3492161
1.3492203
1.3492429
1.3492316
1.3492595
1.3493757
1.3496906
1.3499337
1.3499522
1.3499649
1.3498938
1.3497545
1.3495554
1.3493359
1.3490818
1.3487784
1.3485045
1.3481369
1.3477727
1.3474268
1.347271
1.346997
1.3465643
1.3460221
1.3455789
1.3452238
1.3449389
1.344563
1.344277
1.343965
1.3436955
1.3433751
1.343103
1.3430191
1.3428417
1.3425798
1.3422116
1.3419344
1.3416549
1.3414631
1.3412759
1.3410374
1.3411522
1.341376
1.3414638
1.341335
1.3411685
1.3410342
1.3409932
1.3409932
1.3408545
1.3408056
1.3407845
1.3408577
1.3406672
1.3405896
1.3404223
1.340274
1.3400128
1.3397125
1.3393914
1.3390698
1.3387674
1.3384507
1.3379533
1.3376598
1.3372898
1.3370179
1.3368189
1.3365563
1.3363179
1.3359998
1.3356246
1.3356692
1.3354931
1.3353034
1.3350058
1.3347775
1.3345375
1.334199
1.3341045
1.3340911
1.3340588
1.3340752
1.3340625
1.3340951
1.3341576
1.3339561
1.3337553
1.3336846
1.3336661
1.333608
1.333657
1.3336482
1.3335732
1.3336098
1.3336375
1.3335875
1.3335875
1.3334332
1.333015
1.3325495
1.33209
1.3316536
1.331273
1.3308609
1.3305088
1.3300835
1.3297184
1.3292375
1.3287773
1.3284725
1.3280437
1.3274138
1.3266597
1.3258951
1.3252307
1.3245609
1.3240509
1.3237057
1.3233403
1.323126
1.3226967
1.322259
1.3219906
1.3218498
1.3218604
1.3218359
1.3218617
1.3217828
1.3217245
1.3218323
1.3220868
1.3222625
1.3223522
1.3225281
1.32256
1.3226237
1.3226136
1.3226846
1.3227006
1.3226273
1.3225063
1.3223125
1.3222829
1.3223495
1.3224889
1.3224889
1.3226863
1.3227792
1.3228953
1.3228626
1.3229102
1.3229742
1.3230757
1.3232428
1.3234327
1.3234068
1.3234115
1.323608
1.3236277
1.32351
1.3233806
1.3233142
1.3232653
1.323096
1.3228441
1.3227415
1.3226722
1.3226041
1.3223575
1.3220211
1.3216407
1.3213248
1.3209635
1.3206581
1.3203367
1.3200337
1.3196079
1.3190538
1.3186246
1.3182929
1.3179052
1.3174946
1.3170868
1.316861
1.3166709
1.3167077
1.3166192
1.3163567
1.3160856
1.3159125
1.3155996
1.3153127
1.3150718
1.3148791
1.3148791
1.314845
1.3148413
1.3148875
1.3148618
1.3146775
1.3144891
1.3143842
1.3143725
1.3143915
1.3143407
1.3141646
1.3139939
1.3139033
1.3139209
1.3136835
1.3133928
1.3132393
1.3131187
1.3129778
1.312862
1.3129618
1.3131312
1.3133856
1.3135946
1.3136808
1.3137683
1.3138666
1.3139005
1.31384
1.3137162
1.3135272
1.3133699
1.3133367
1.3129611
1.3124986
1.3122706
1.3122091
1.3121207
1.3119365
1.3117013
1.3116362
1.3116338
1.3115652
1.311521
1.3114893
1.3113893
1.3112905
1.3112276
1.3112276
1.3111892
1.3109697
1.3108529
1.3107233
1.3106061
1.3103994
1.3101357
1.3099004
1.3096367
1.3093369
1.3090457
1.3087364
1.3084499
1.3081301
1.3077677
1.307394
1.3070098
1.3066803
1.306256
1.3057666
1.3054252
1.3050007
1.304558
1.3040506
1.3035097
1.3031013
1.3026952
1.3023664
1.3021184
1.3019687
1.3018311
1.3017367
1.3016988
1.3016919
1.3018826
1.3019916
1.3019278
1.3018152
1.3016924
1.3016715
1.3015976
1.3014064
1.3013115
1.3012873
1.3013033
1.3013408
1.3013006
1.3012972
1.3012972
1.3012451
1.3013484
1.3013421
1.3012366
1.3011001
1.3010764
1.3010694
1.3010899
1.3011309
1.3010957
1.3009502
1.3007458
1.3005017
1.3002315
1.3000662
1.2998794
1.2997329
1.2996204
1.299585
1.2996148
1.2996718
1.2997453
1.299769
1.2997407
1.2998054
1.2998177
1.2997559
1.2997392
1.2998184
1.2999189
1.2999507
1.3000226
1.2999808
1.2999969
1.29988
1.2997624
1.2997075
1.2997617
1.2997472
1.2996591
1.2994169
1.2991434
1.298973
1.2988553
1.2987512
1.2986822
1.2986835
1.298555
1.298555
1.2984561
1.2983531
1.2981765
1.2979287
1.297742
1.2976164
1.2975178
1.297412
1.297225
1.2971375
1.2970512
1.2970053
1.296979
1.2970221
1.2970659
1.2971414
1.2973028
1.2974358
1.2975307
1.2975447
1.2975973
1.2977242
1.2977809
1.2977012
1.2975013
1.2973759
1.297252
1.297108
1.2968767
1.2965398
1.2962053
1.2960364
1.2958924
1.2957952
1.295768
1.2957249
1.2955937
1.2953597
1.2951525
1.2948039
1.2944672
1.2941755
1.2940595
1.2939944
1.2940228
1.2940016
1.2939005
1.2938173
1.2938173
1.2938664
1.2939618
1.2940147
1.2940044
1.2939863
1.293939
1.2939572
1.2939878
1.2940698
1.2941202
1.2941488
1.2941122
1.2940944
1.2940725
1.294039
1.29406
1.2941294
1.2941475
1.2941766
1.2941415
1.2940375
1.2940104
1.2939764
1.2938973
1.2938538
1.2937217
1.29362
1.293531
1.2934784
1.2934195
1.2932867
1.2931268
1.293023
1.293124
1.2932327
1.2932323
1.2931794
1.2931417
1.2930763
1.293035
1.2929773
1.2928978
1.292754
1.2926681
1.292541
1.2925276
1.2925276
1.2924898
1.2924898
1.292423
1.2923331
1.2921994
1.292081
1.2920226
1.2920113
1.2919999
1.29196
1.291875
1.2917353
1.2915903
1.2914618
1.2913972
1.2913566
1.2913034
1.2912047
1.2910691
1.2909354
1.2908185
1.290708
1.2906306
1.290542
1.2904916
1.2904943
1.2905737
1.2906303
1.2906938
1.2906804
1.2906209
1.2905709
1.290454
1.2903185
1.2902343
1.2901589
1.2901605
1.2902125
1.2902805
1.290286
1.2902501
1.290203
1.2901576
1.2901856
1.2902254
1.2902585
1.2903055
1.2903517
1.2903981
1.2904199
1.2904199
1.2904223
1.2904437
1.2904186
1.290389
1.2903548
1.2903423
1.2903069
1.2902777
1.2902904
1.2902871
1.2902235
1.2901964
1.2901865
1.2901602
1.2900766
1.2899864
1.2898988
1.2897986
1.289698
1.2896247
1.289598
1.2895356
1.2894306
1.2893609
1.2892684
1.2892097
1.2891691
1.2891077
1.2891023
1.2890855
1.2891034
1.289078
1.2889652
1.2888873
1.2887883
1.2887458
1.2886957
1.288654
1.2885814
1.2885363
1.2884566
1.2883643
1.2883316
1.2882761
1.2882637
1.2883186
1.2883242
1.2882323
1.2882323
1.288167
1.2880967
1.2880628
1.2880372
1.2880533
1.2880671
1.2880917
1.2881107
1.2881708
1.2882328
1.2882777
1.2883134
1.2882934
1.2882842
1.2882811
1.2883128
1.2883682
1.2884212
1.2884691
1.2885281
1.2885438
1.2885633
1.2885907
1.2886177
1.288607
1.2885828
1.2885617
1.2884967
1.2883793
1.2882723
1.2881714
1.2880946
1.2880473
1.2880303
1.2879609
1.2879404
1.2879183
1.2879087
1.2878964
1.2878977
1.2878911
1.2878728
1.2878264
1.2877896
1.2877454
1.2877256
1.287706
1.2876984
1.2876984
1.2877043
1.2877045
1.2876763
1.2876469
1.28762
1.2875886
1.2875811
1.2876246
1.2876782
1.2877492
1.2877986
1.2878274
1.2878513
1.2878968
1.287905
1.2878792
1.2878172
1.287755
1.2877182
1.287689
1.2876489
1.2876254
1.2876208
1.2876165
1.2876114
1.287605
1.2876121
1.2875992
1.2875854
1.2875888
1.2876126
1.2876334
1.287632
1.2876121
1.2876023
1.2876005
1.287594
1.2876065
1.2875997
1.2875836
1.2875813
1.2875911
1.2875843
1.2875983
1.2876024
1.2875849
1.2875875
1.287597
1.287597
1.2875932
1.2875956
1.2876062
1.287618
1.287623
1.2876284
1.2876326
1.2876114
1.2875717
1.2875464
1.2875243
1.2875072
1.2874941
1.2874997
1.2875028
1.2875273
1.2875469
1.2875619
1.2875731
1.2875888
1.2876049
1.2876215
1.2876177
1.2875996
1.2875842
1.287576
1.2875664
1.2875391
1.2875162
1.2874837
1.2874603
1.2874516
1.2874373
1.2874107
1.2873898
1.2873603
1.287328
1.287306
1.2872804
1.2872518
1.2872281
1.287201
1.2871861
1.2871795
1.2871643
1.2871487
1.2871432
1.2871344
1.3952655
