1.0
0.99999964
1.0000305
1.0002131
1.0006136
1.0011716
1.0018154
1.0024006
1.0030828
1.0038582
1.0046601
1.0053535
1.0061293
1.0069778
1.0077568
1.0086117
1.0093724
1.0101849
1.011041
1.011954
1.0129163
1.0137036
1.0144799
1.0150837
1.01584
1.0165359
1.0173677
1.0179777
1.0182548
1.0187358
1.0190257
1.0191205
1.0190326
1.0190395
1.0189301
1.0189342
1.018853
1.0188637
1.0188575
1.0188768
1.0189118
1.0189513
1.0191505
1.0194232
1.0197405
1.0200764
1.0203536
1.0205249
1.0207349
1.0207349
1.0210484
1.0212375
1.0213915
1.0214924
1.0217168
1.022198
1.0226809
1.0232264
1.0235876
1.0238433
1.024025
1.023992
1.0239241
1.0238875
1.0238669
1.0238775
1.0238447
1.0238123
1.0240523
1.024358
1.024593
1.0250536
1.0254406
1.0258006
1.0260934
1.0263679
1.0265671
1.0267704
1.0269082
1.0270286
1.0271486
1.0272831
1.027344
1.027359
1.0273805
1.0272875
1.02703
1.0263792
1.0255077
1.0245825
1.0236194
1.0224155
1.0211223
1.0198928
1.0185086
1.0169414
1.0153545
1.0137081
1.0137081
1.011967
1.0101633
1.0082777
1.0063903
1.0044888
1.002539
1.0005494
0.99863446
0.99665785
0.9946626
0.99262077
0.99055874
0.9884362
0.98626596
0.9841504
0.98198414
0.9799168
0.97785705
0.97577494
0.97368366
0.97156143
0.96943545
0.9673418
0.96532565
0.9633352
0.96126103
0.95913994
0.95702076
0.95495445
0.9528313
0.95072955
0.9485965
0.9465085
0.9443438
0.9421979
0.9400773
0.93791664
0.93566865
0.933359
0.93108004
0.9287654
0.9264176
0.9240758
0.9216766
0.9192533
0.916909
0.9145436
0.91214377
0.91214377
0.9097303
0.90729636
0.9048147
0.9025241
0.90027344
0.89798206
0.8956107
0.893259
0.89101183
0.88871557
0.88646454
0.8842389
0.88204795
0.8798123
0.87753433
0.87528056
0.87307215
0.87087274
0.86869264
0.86654156
0.8643706
0.86226135
0.8601225
0.8580228
0.85601795
0.85406524
0.85215783
0.85020036
0.84824294
0.84626216
0.8442509
0.84224707
0.8403439
0.83844984
0.83660156
0.83480823
0.83295345
0.8311042
0.8292364
0.82734317
0.82540965
0.8234537
0.8215222
0.81962377
0.8177605
0.8158807
0.81401414
0.81208044
0.81208044
0.810161
0.80829406
0.8064089
0.80446595
0.80251086
0.80052984
0.79857194
0.7965723
0.7945459
0.7924549
0.790367
0.78812635
0.7858456
0.78369236
0.7816456
0.7796785
0.7778223
0.7759564
0.7741176
0.77235407
0.7705778
0.7688524
0.76707333
0.7652459
0.76350147
0.76178235
0.7601176
0.7583349
0.7565689
0.7548507
0.7530431
0.7512481
0.74948436
0.7476919
0.7458753
0.74405515
0.74218804
0.7403582
0.73843455
0.7365419
0.7346205
0.7326584
0.7307675
0.72887623
0.7270467
0.7252855
0.72356194
0.72187203
0.72187203
0.7201142
0.7184244
0.7166946
0.71499604
0.7132935
0.7115522
0.70983106
0.7080596
0.7063153
0.7046061
0.7029224
0.7011355
0.69940674
0.6977604
0.69613606
0.6944844
0.6928522
0.6913122
0.68984646
0.68829083
0.6866029
0.68482476
0.6830545
0.6813038
0.6795655
0.6778913
0.67624813
0.674606
0.6729658
0.6713426
0.6697815
0.6681816
0.6665642
0.6649603
0.6633493
0.6617089
0.660074
0.65843093
0.65678406
0.6551921
0.6536255
0.65202045
0.6502162
0.64834696
0.64645344
0.64454365
0.6425799
0.6406519
0.6406519
0.63878614
0.63694483
0.63508075
0.63328224
0.63149655
0.6296816
0.6279061
0.62620556
0.6244685
0.62274384
0.62100714
0.6192738
0.61756796
0.61584723
0.6141659
0.6124844
0.61080855
0.60910624
0.60744095
0.60577524
0.6041542
0.6025281
0.60089046
0.599308
0.5977795
0.5962775
0.59477454
0.59319824
0.59157264
0.58994746
0.58837897
0.58669907
0.58503515
0.5832951
0.5815915
0.5799168
0.5782966
0.5766532
0.5750566
0.5734325
0.57179314
0.57012403
0.5685438
0.56704235
0.5655672
0.56404424
0.56253177
0.5610676
0.5610676
0.5596037
0.55818796
0.55673546
0.5552185
0.5536555
0.55215573
0.55059457
0.5490732
0.54758286
0.54612225
0.54469186
0.54319113
0.5417123
0.5402192
0.5385955
0.5369676
0.53539234
0.5338929
0.5324652
0.5310848
0.5297019
0.52815825
0.5265732
0.5249772
0.5233996
0.5218621
0.5202997
0.5187376
0.51723415
0.5157826
0.5143645
0.51302934
0.51167166
0.51032937
0.50898916
0.50772756
0.5064163
0.50508475
0.5037027
0.5023096
0.50090456
0.4994728
0.49808416
0.496705
0.49524742
0.49367103
0.49207187
0.490566
0.490566
0.48906276
0.4876529
0.4862069
0.48468542
0.4832076
0.4818198
0.48050773
0.47926125
0.4779854
0.4766303
0.4753035
0.47392598
0.47264117
0.4713794
0.470172
0.46890205
0.46764058
0.46639228
0.46513084
0.46395722
0.46281314
0.4616737
0.46046337
0.45926395
0.45801854
0.45677412
0.455487
0.45424914
0.45308924
0.45191488
0.45068783
0.4494184
0.44810718
0.44675082
0.44539818
0.4441151
0.44287202
0.44166505
0.4404504
0.4392819
0.4382139
0.43720734
0.4362241
0.43516028
0.43412352
0.433014
0.43185565
0.43063834
0.43063834
0.42937505
0.428151
0.42696503
0.42583025
0.42475438
0.4237191
0.42268556
0.42166814
0.42066857
0.41961977
0.41869113
0.41776872
0.41686282
0.41598645
0.41508517
0.41422477
0.41332757
0.41241756
0.41149834
0.41064775
0.40977657
0.4089305
0.40790713
0.4068531
0.40571523
0.40466714
0.40365964
0.4026661
0.40165958
0.4006886
0.39974684
0.39878756
0.3979546
0.3971135
0.39630738
0.3955731
0.39492226
0.39424792
0.39345682
0.39257184
0.391717
0.3909345
0.39012384
0.3893359
0.38857573
0.38787577
0.38717103
0.38643697
0.38643697
0.3856917
0.38493213
0.38415644
0.38340017
0.3825788
0.38169768
0.3808219
0.37997004
0.3792403
0.37843058
0.3776449
0.37667796
0.3758427
0.37504825
0.3744145
0.37361068
0.3727688
0.371959
0.37117022
0.37043002
0.36972675
0.3690849
0.36846223
0.36776593
0.3670647
0.36647287
0.36588967
0.36532363
0.36472583
0.36411142
0.36352205
0.3630584
0.36251718
0.36194482
0.3613677
0.3607689
0.3601786
0.35959196
0.35892013
0.3582319
0.35752732
0.356833
0.3560079
0.35518092
0.35445347
0.35376585
0.35313815
0.35262278
0.35262278
0.35203412
0.35143986
0.35077903
0.35019234
0.34963155
0.3490619
0.34850287
0.34800932
0.34747782
0.34694782
0.3464195
0.3458897
0.34533265
0.3447965
0.3443962
0.3440191
0.34356248
0.34305543
0.3424768
0.3419273
0.34142184
0.34095535
0.3404905
0.33993652
0.33942693
0.33888128
0.33825096
0.33764076
0.33709463
0.33663937
0.33624032
0.33583143
0.33543447
0.33498308
0.33447996
0.33396277
0.3334013
0.3328555
0.33238605
0.33180657
0.331225
0.33061364
0.33003178
0.32935992
0.32864156
0.32792407
0.32726642
0.3264697
0.3264697
0.32564747
0.32479954
0.32394153
0.32312062
0.32229975
0.3214872
0.32078275
0.3201371
0.31944197
0.3187469
0.31804985
0.31733745
0.31656054
0.31590727
0.31536597
0.31487408
0.31442156
0.31392878
0.31338096
0.31283966
0.31233197
0.31187215
0.31138772
0.31086963
0.31028062
0.30968228
0.30916646
0.30867043
0.3081925
0.30772308
0.30722415
0.30677888
0.3063208
0.30573946
0.30510136
0.30438882
0.3037629
0.30324718
0.30277088
0.30222553
0.3017794
0.30115744
0.30056322
0.3000987
0.29964605
0.29919252
0.29885685
0.29847497
0.29847497
0.29804257
0.29765302
0.2972557
0.29687494
0.29632834
0.29579335
0.29513898
0.29456192
0.29403034
0.29354805
0.29294765
0.29250282
0.29213187
0.29168558
0.2912112
0.29064357
0.29020756
0.28980848
0.28936958
0.28884116
0.2884381
0.28805023
0.2876413
0.2872143
0.28675842
0.28627202
0.28582004
0.2853743
0.2849648
0.28458175
0.28415912
0.2836854
0.28326532
0.2828383
0.28242448
0.28215095
0.28186727
0.28172278
0.28137487
0.2809345
0.28057975
0.28025374
0.27986348
0.2794212
0.2789901
0.27863026
0.27826393
0.2779092
0.2779092
0.2774394
0.27693868
0.27642572
0.27605763
0.27571544
0.27534142
0.27495146
0.27451214
0.273992
0.2734903
0.2729568
0.27234808
0.2717209
0.27109954
0.27053154
0.27004007
0.26950338
0.26901728
0.26857218
0.2680942
0.2676037
0.26709062
0.26651144
0.2659294
0.26545012
0.2649726
0.26445857
0.26401484
0.26369655
0.26333988
0.2630049
0.26262456
0.26211178
0.2615371
0.2610071
0.26051474
0.26025686
0.259844
0.25936884
0.2590655
0.25869864
0.25835603
0.25779262
0.25705206
0.2563485
0.2556048
0.25502864
0.25432956
0.25432956
0.25367963
0.25302303
0.25232935
0.25159088
0.25094345
0.25033343
0.24980022
0.24922603
0.24867305
0.24815686
0.24770269
0.24732615
0.24674286
0.24599157
0.245256
0.24460009
0.24404672
0.24358428
0.24312775
0.24261326
0.24212681
0.2417768
0.2414411
0.24110842
0.24077763
0.240478
0.24022694
0.23997357
0.23971054
0.23943481
0.2391268
0.23875882
0.23831666
0.23788542
0.23752977
0.23733169
0.2370197
0.23659699
0.23617193
0.23568206
0.23521878
0.2348671
0.23464169
0.23452303
0.23437354
0.2344205
0.23453104
0.23467092
0.23467092
0.23465416
0.2345562
0.23448978
0.23453073
0.23457566
0.2346207
0.23471025
0.23461792
0.23451586
0.2344184
0.23425138
0.23409346
0.23400731
0.23379204
0.23357806
0.23336966
0.23327705
0.2332225
0.23308955
0.23306443
0.2330334
0.23303318
0.23305053
0.23304635
0.2328523
0.23265277
0.23245734
0.23229814
0.23213933
0.23189278
0.23158154
0.23130235
0.23106603
0.23076247
0.23039983
0.230183
0.23007639
0.23001456
0.22990398
0.22966763
0.22940695
0.22916701
0.22896503
0.22867681
0.22819333
0.22773457
0.22722611
0.22673309
0.22673309
0.22624294
0.2259142
0.22557019
0.22535953
0.22518927
0.2249593
0.22470854
0.22446902
0.22439691
0.22440028
0.22433819
0.2240588
0.22384714
0.22383024
0.22375898
0.2236645
0.22338206
0.223059
0.22291127
0.22277017
0.2226792
0.22244541
0.22215123
0.22191495
0.22174993
0.22153205
0.22122043
0.22086881
0.2205479
0.22031955
0.22034287
0.22035214
0.22025383
0.22018377
0.22008134
0.21985799
0.21955363
0.21926475
0.21886906
0.21865092
0.21847592
0.21834096
0.2181566
0.217897
0.21763037
0.21739359
0.21722798
0.21694382
0.21694382
0.21667483
0.21643646
0.21629652
0.21616983
0.2160406
0.21595886
0.21574451
0.21562164
0.2155745
0.21559395
0.2155663
0.21555977
0.21527949
0.21493675
0.21471716
0.2144095
0.21415994
0.2138545
0.21354187
0.21315305
0.21265332
0.21214987
0.2115569
0.21105404
0.21074143
0.2104822
0.2101753
0.20971051
0.20929858
0.20895347
0.20881653
0.20876077
0.2085495
0.20824197
0.2081494
0.20810965
0.20812877
0.20784433
0.2076259
0.20744517
0.20736738
0.20740503
0.20744793
0.2074432
0.2074309
0.2073599
0.20725965
0.20701429
0.20701429
0.20643757
0.20579281
0.20529763
0.20497753
0.2045751
0.20408553
0.20359774
0.20312467
0.20279439
0.202503
0.20227222
0.2019964
0.20166469
0.20139642
0.20129927
0.20122214
0.20101413
0.20080514
0.20068248
0.20072652
0.20065132
0.20058177
0.20040971
0.20024885
0.20003021
0.19974439
0.19944543
0.19916031
0.19881262
0.19828144
0.19778933
0.19743693
0.19731298
0.1972082
0.19708866
0.19694483
0.19695516
0.19693048
0.19681299
0.19659808
0.19617583
0.19564979
0.19545457
0.19530408
0.19516987
0.19509941
0.19523802
0.19532551
0.19532551
0.19536555
0.19521835
0.1949456
0.19466852
0.19448236
0.19452187
0.19454339
0.19460686
0.19468255
0.19466479
0.19455348
0.19437274
0.19416557
0.19385056
0.19335029
0.19286673
0.19232321
0.19203757
0.19201641
0.19194494
0.19196808
0.19203192
0.1922323
0.19224413
0.19213293
0.19181223
0.19146061
0.1911327
0.19085255
0.19045824
0.1900357
0.18965875
0.18941285
0.18907778
0.18888485
0.18849917
0.1882172
0.1879317
0.18766281
0.18728071
0.18686569
0.18649787
0.18615761
0.18572904
0.18559131
0.18550515
0.18545176
0.18548517
0.18548517
0.18549784
0.18562007
0.18558176
0.18539128
0.18526624
0.18517707
0.1850946
0.18501796
0.1850719
0.1851242
0.18528649
0.18536438
0.185487
0.18579751
0.18610919
0.18635966
0.18670264
0.18672435
0.18682913
0.18700868
0.1873066
0.18746501
0.18765493
0.18782814
0.18771933
0.18750462
0.18729246
0.18716186
0.187019
0.18676308
0.18653414
0.18631847
0.18626367
0.18623805
0.18615726
0.1861048
0.18593466
0.18551724
0.18508203
0.1846242
0.18395436
0.18328024
0.18289004
0.18270457
0.18260802
0.1822155
0.1816448
0.18119699
0.18119699
0.18089731
0.18044098
0.17992628
0.17953426
0.17941435
0.179361
0.17892209
0.17828315
0.17748916
0.17680418
0.1762026
0.17580508
0.17539306
0.17504229
0.1744772
0.17380987
0.17309713
0.17273748
0.17253149
0.1723149
0.17219032
0.17194946
0.17202963
0.17204086
0.17198229
0.17204636
0.17219734
0.17230846
0.17233616
0.17233571
0.17247745
0.17247874
0.1723009
0.1722509
0.17217056
0.17225014
0.17213026
0.17189482
0.1716361
0.17146316
0.17129724
0.17103268
0.1708589
0.17055514
0.17038144
0.17011777
0.16979651
0.16966462
0.16966462
0.16951731
0.16916378
0.16891181
0.16885275
0.16876057
0.16866116
0.16855283
0.16850266
0.16855188
0.16860081
0.16869631
0.16869769
0.16878667
0.1687309
0.1685915
0.16858739
0.16861306
0.16868386
0.16886295
0.16889325
0.16889627
0.16883065
0.1687794
0.16889305
0.16898052
0.16913858
0.16940632
0.16971433
0.170056
0.17027989
0.17085226
0.17131686
0.17157042
0.17203781
0.17265786
0.17309873
0.17344455
0.17358984
0.17358884
0.17366406
0.1737526
0.17378531
0.1738652
0.17400981
0.17403895
0.17393935
0.17378828
0.17367847
0.17367847
0.17369013
0.17358322
0.1735156
0.1734541
0.17339005
0.17316453
0.17287682
0.1723852
0.17182344
0.17132534
0.17076045
0.17031386
0.16991127
0.16955239
0.16919991
0.16870701
0.1681627
0.1676209
0.16708028
0.16641164
0.16562586
0.1649048
0.16408554
0.16305915
0.16212146
0.16137993
0.16081879
0.16024661
0.1597678
0.1592462
0.15902297
0.1589522
0.15859032
0.15806375
0.1575943
0.1572355
0.15680885
0.15642579
0.15620932
0.15630196
0.15643662
0.15651144
0.15699194
0.1577734
0.15843025
0.1590108
0.15936664
0.15961361
0.15961361
0.15976036
0.15981664
0.15982771
0.15983072
0.160146
0.16034518
0.16047788
0.16041745
0.16035417
0.16057867
0.16083017
0.1608773
0.16081537
0.16078326
0.16086188
0.16066481
0.160164
0.15989181
0.16002169
0.16005637
0.16012226
0.16018976
0.16025816
0.16023627
0.16003501
0.15966862
0.15964647
0.1597091
0.15974301
0.15990199
0.16011141
0.1602024
0.16026509
0.16030881
0.15995422
0.15982294
0.15959688
0.15940401
0.15910885
0.15869923
0.15850833
0.15837148
0.15813106
0.15774629
0.15764648
0.1576498
0.15775537
0.157771
0.157771
0.15772845
0.15761536
0.15730916
0.15689044
0.15651897
0.15625693
0.15611328
0.15594718
0.15579462
0.15564843
0.15554611
0.15550293
0.15538095
0.15523624
0.15503016
0.15479279
0.15454535
0.15412715
0.15382983
0.15375474
0.15371998
0.15348607
0.15318733
0.15288793
0.15271772
0.15261613
0.15251231
0.15238594
0.15233088
0.15233403
0.15228859
0.15214191
0.15205505
0.1519294
0.15182018
0.1516372
0.15158758
0.15154573
0.1514803
0.15134194
0.15136194
0.15146138
0.15131672
0.1511139
0.15101331
0.15097535
0.15093991
0.15077311
0.15077311
0.1506712
0.15065476
0.15086934
0.15121232
0.15153109
0.1518467
0.1520137
0.15202789
0.15195061
0.15210037
0.15235874
0.1524646
0.15263169
0.15287586
0.15311696
0.1532062
0.15333953
0.15347104
0.15357131
0.15370728
0.15391873
0.15415823
0.15432635
0.15434119
0.15444866
0.15471575
0.15501297
0.15523401
0.15544313
0.15558018
0.15568472
0.15591823
0.15625376
0.1565033
0.15686993
0.15730183
0.15754904
0.15768884
0.15778431
0.15777135
0.1577483
0.15770425
0.15762757
0.1573332
0.15714386
0.15701987
0.15703315
0.15725198
0.15725198
0.15745482
0.15787491
0.15836915
0.15881747
0.15913676
0.15932341
0.15938018
0.15940456
0.15963879
0.15972984
0.15990914
0.1601401
0.16055767
0.16079007
0.16101538
0.16138059
0.16193548
0.16239232
0.16268437
0.16302426
0.16335005
0.16364269
0.16386007
0.16384743
0.16393313
0.1642121
0.1645109
0.16484447
0.16527396
0.16562821
0.16597484
0.1660349
0.16592366
0.16603759
0.16611667
0.16619036
0.16640574
0.16659579
0.16676122
0.16678762
0.16675505
0.16666341
0.16647835
0.16628829
0.1660317
0.16582534
0.16558416
0.1654432
0.1654432
0.16559431
0.16556762
0.165379
0.16534905
0.16536358
0.16530879
0.16523854
0.16510156
0.16502495
0.16507713
0.16495413
0.16473444
0.16455138
0.16439575
0.16426818
0.16395822
0.16374256
0.16366132
0.16341111
0.1630654
0.16305494
0.1629405
0.16285883
0.16276768
0.16259803
0.1624563
0.16263963
0.16279587
0.16300857
0.16323707
0.16364396
0.1638466
0.16377635
0.16355436
0.16329083
0.1628408
0.1622931
0.1617712
0.16154942
0.16117577
0.16079079
0.1604537
0.16014129
0.15995137
0.15981534
0.1596479
0.15962525
0.15959343
0.15959343
0.15968749
0.15969817
0.15976064
0.16003042
0.16019209
0.16029048
0.1603232
0.16045557
0.16049473
0.16041937
0.16041785
0.16030927
0.16012296
0.16003722
0.1600597
0.15998751
0.15983225
0.15966143
0.15945424
0.1591373
0.15862893
0.15800239
0.15741825
0.1569206
0.15635437
0.1559738
0.15557729
0.15515456
0.15464729
0.15424089
0.15400043
0.1538473
0.15367527
0.15343693
0.15319718
0.15319239
0.15326509
0.1537303
0.15420593
0.15462907
0.1551245
0.15542975
0.15562037
0.15567511
0.15577951
0.15592194
0.15606585
0.15622522
0.15622522
0.15632504
0.15660466
0.15699936
0.15751715
0.15810859
0.15847784
0.1589257
0.15952817
0.15986253
0.15992105
0.16003859
0.16039586
0.16064101
0.16078892
0.16101609
0.16130623
0.1616498
0.16170922
0.16178231
0.16181625
0.16180836
0.16169995
0.16144846
0.16142727
0.16150221
0.16158149
0.16161819
0.16181323
0.16201001
0.16230245
0.16256768
0.16268371
0.16272254
0.16282552
0.16286327
0.16283147
0.16283631
0.16293532
0.1631032
0.16323921
0.16354284
0.16401704
0.16442648
0.1646597
0.16457002
0.1646094
0.1645981
0.16478518
0.16478518
0.16507396
0.16531864
0.16549173
0.16559747
0.16573375
0.16566284
0.16560353
0.16574255
0.1658716
0.166033
0.16623755
0.16624482
0.16614412
0.1659045
0.16597727
0.16597171
0.16588277
0.16575244
0.16558737
0.16559686
0.16558254
0.16563228
0.16552836
0.16529389
0.16516583
0.16520295
0.16525953
0.16525479
0.1653211
0.16519797
0.16500185
0.16482027
0.16476572
0.16484664
0.16497344
0.16511856
0.16525534
0.16543606
0.16553155
0.1654699
0.16529742
0.16523103
0.16505271
0.16463792
0.16437197
0.16404185
0.16366135
0.1634038
0.1634038
0.16309515
0.16291627
0.16274363
0.16246545
0.1621964
0.16202213
0.16197148
0.1618341
0.16173798
0.16168101
0.16177125
0.16176786
0.16159292
0.16137786
0.16115366
0.16087827
0.16054057
0.16026211
0.16010028
0.16012707
0.16016701
0.16024917
0.16028364
0.16034968
0.16045852
0.16066848
0.16086449
0.16119608
0.1612737
0.16109088
0.16099223
0.16110934
0.16115174
0.16094334
0.16058542
0.16049685
0.16040795
0.16016121
0.1598326
0.15963496
0.15954739
0.15941444
0.15909825
0.15881124
0.1585238
0.15825729
0.15798268
0.15749446
0.15749446
0.15701339
0.15661304
0.15625787
0.15585731
0.15554471
0.15536694
0.1554178
0.15535787
0.15526044
0.1549585
0.1548118
0.15484482
0.1550214
0.15518323
0.15534632
0.15542363
0.15555297
0.15556754
0.15564868
0.155795
0.15605187
0.15600461
0.15587232
0.15582733
0.15575165
0.15546434
0.15522397
0.15529978
0.15539475
0.15547924
0.15558048
0.1557273
0.15590876
0.15597287
0.15577902
0.15569359
0.15581441
0.15582435
0.15583724
0.15603448
0.1561701
0.1562445
0.15616223
0.15589225
0.1556099
0.15543997
0.15518683
0.15490052
0.15490052
0.1545488
0.15413706
0.15381493
0.15345824
0.15321319
0.15304658
0.15302335
0.15301913
0.15288638
0.15270346
0.15268308
0.15270986
0.15279053
0.15290844
0.15303062
0.15324853
0.15352735
0.1538426
0.15416175
0.15441424
0.15456817
0.15449753
0.15467529
0.15491374
0.15493847
0.15487932
0.15478581
0.15465765
0.15461242
0.15451948
0.15446769
0.15449546
0.15465923
0.15484668
0.15495148
0.15502016
0.1551457
0.15515648
0.15512793
0.15494063
0.15482688
0.15456928
0.15451348
0.15455168
0.15465218
0.15475546
0.15485406
0.15494332
0.15494332
0.15495639
0.15492466
0.15525174
0.15550749
0.15577331
0.15596662
0.15629838
0.15644799
0.15659596
0.15663406
0.15672049
0.15690324
0.15709838
0.15713248
0.15732722
0.15754445
0.1577562
0.15785633
0.157823
0.15783547
0.15778151
0.15748306
0.15733021
0.15741174
0.1575925
0.15764035
0.1577164
0.15779702
0.15787984
0.15782218
0.15757687
0.15735534
0.15719311
0.15716168
0.1571832
0.15703604
0.15707651
0.1569926
0.15694933
0.15708503
0.15717459
0.15705566
0.15697408
0.15698731
0.15684101
0.15664533
0.15661663
0.1565488
0.1565488
0.15650074
0.1563369
0.15615095
0.15608081
0.15603825
0.15594292
0.15582749
0.15582219
0.15565015
0.15553474
0.15532243
0.15509261
0.1549363
0.15493599
0.15488462
0.15490705
0.15495118
0.15498194
0.15498848
0.15496132
0.15503198
0.15514098
0.15526408
0.15528245
0.15516742
0.15510975
0.15502357
0.15492246
0.15473415
0.15440129
0.15408672
0.15388389
0.15371203
0.15367402
0.1535953
0.15353346
0.15341626
0.1532682
0.15321568
0.1533075
0.15344048
0.15361679
0.15367194
0.15379283
0.15381163
0.15383774
0.15405484
0.15434085
0.15434085
0.15453501
0.15470321
0.15480024
0.15471162
0.1545785
0.15451665
0.15486969
0.15527652
0.1555039
0.1556136
0.15577197
0.1560252
0.15595715
0.15574327
0.15553953
0.15549773
0.15553609
0.15543945
0.15522362
0.15505797
0.15515447
0.15522847
0.1552347
0.15516052
0.15541261
0.1556031
0.15574263
0.1558379
0.15593415
0.15602654
0.15617464
0.15616448
0.15605617
0.15598391
0.15605126
0.15613532
0.15611507
0.15597786
0.15593159
0.15582381
0.15561828
0.15542638
0.15523806
0.155086
0.15491086
0.15478137
0.15466826
0.1548385
0.1548385
0.1549553
0.15495598
0.15487218
0.15466563
0.15446502
0.15424562
0.15394008
0.15358952
0.15330146
0.15308654
0.15305057
0.15301995
0.15299071
0.1530615
0.15291436
0.15290329
0.15302764
0.15307903
0.15308423
0.15305577
0.15309168
0.15297258
0.15274458
0.15254097
0.15244204
0.15219763
0.15196626
0.1516291
0.15132149
0.15088291
0.15066731
0.150365
0.15013869
0.15014997
0.1502944
0.15039921
0.15058702
0.15046911
0.15027463
0.15012065
0.14980316
0.14948235
0.14931962
0.14931858
0.14921576
0.1491481
0.14903085
0.14880453
0.14880453
0.1487908
0.14887895
0.1491063
0.14926171
0.14942257
0.14964533
0.15025458
0.15068781
0.15100116
0.15132433
0.15160778
0.15199274
0.1522602
0.15242638
0.1526112
0.15263909
0.15288751
0.15293057
0.15309532
0.15332544
0.15372267
0.15401243
0.15438405
0.15469566
0.1549112
0.15519795
0.15547788
0.15557915
0.1557079
0.15593104
0.15615559
0.15625262
0.15643202
0.15662865
0.15696116
0.15728147
0.15735327
0.15734634
0.1572926
0.15708022
0.15685943
0.15675643
0.15704744
0.15724757
0.15744825
0.15758866
0.1576734
0.1576868
0.1576868
0.15769808
0.15778385
0.15779176
0.15779874
0.15783843
0.15797235
0.15805808
0.15795106
0.15797547
0.15800694
0.15804313
0.15810151
0.15804191
0.1580103
0.15798755
0.15796718
0.15790364
0.15765348
0.15746482
0.15736945
0.15739793
0.15755585
0.15766549
0.15797383
0.15833598
0.15859172
0.15893815
0.15914282
0.15956177
0.15987308
0.16011386
0.16038847
0.16058354
0.16079202
0.16094896
0.16102226
0.16096823
0.1608374
0.16076498
0.1606467
0.16052336
0.1605114
0.16034913
0.16013342
0.1599528
0.15984519
0.15967011
0.1596136
0.1596136
0.15933363
0.15903255
0.15896852
0.15890472
0.15871951
0.15855277
0.15850699
0.15845416
0.1585679
0.15856715
0.15852007
0.1585388
0.15854593
0.15844585
0.15830187
0.15808986
0.15789261
0.15760474
0.15734048
0.15692621
0.15654397
0.15623972
0.1560312
0.15586503
0.15569028
0.15558504
0.15561765
0.15571575
0.15582722
0.15602946
0.15623374
0.15630864
0.15643936
0.1565174
0.15670457
0.15686429
0.15707599
0.15727966
0.15731443
0.1572279
0.15705997
0.15703492
0.15709604
0.157036
0.15713197
0.15736459
0.15752223
0.15767987
0.15767987
0.15790161
0.15805061
0.15811361
0.15815982
0.15807372
0.15796438
0.15780464
0.15772998
0.1576208
0.1574707
0.15730031
0.15711734
0.1568564
0.15671419
0.15666157
0.1565491
0.15645643
0.1565243
0.15657538
0.15655917
0.15647227
0.15645471
0.15647301
0.15643731
0.15644805
0.15643989
0.15641512
0.1564751
0.15653916
0.15669763
0.15682966
0.15689005
0.1569615
0.15701544
0.15712112
0.1573222
0.15747818
0.15754358
0.1576168
0.15769897
0.15768021
0.15773153
0.15766738
0.15754482
0.15771958
0.157855
0.15794347
0.15796982
0.15796982
0.15797204
0.15805057
0.15802522
0.15791523
0.15784124
0.15771519
0.15764172
0.15749542
0.15729289
0.15716669
0.15706025
0.1569469
0.156914
0.15680462
0.15665734
0.15651742
0.15643142
0.15636651
0.15642336
0.1564238
0.15641256
0.15642625
0.15655892
0.15670052
0.15681626
0.15690519
0.15693192
0.15693118
0.15686487
0.1568981
0.15683672
0.15677033
0.15668324
0.15665041
0.15656705
0.15644811
0.15626216
0.15609083
0.15588386
0.15576841
0.15573817
0.15575814
0.155678
0.15555394
0.15538613
0.15526628
0.1552035
0.15521857
0.15521857
0.15518421
0.15519103
0.15521531
0.15534566
0.15539707
0.15539424
0.15529564
0.15515952
0.15504655
0.15505144
0.15504399
0.15499659
0.15497763
0.1549058
0.1549176
0.15497045
0.15493618
0.15489593
0.15487838
0.15483004
0.15482388
0.15481828
0.15481097
0.15481295
0.15482146
0.15481302
0.15481947
0.15484713
0.15498093
0.15495779
0.15491036
0.15481396
0.15462466
0.15449354
0.15426272
0.15408368
0.153905
0.15377626
0.15369117
0.15365024
0.15364462
0.1535968
0.15360762
0.15366882
0.15376103
0.1538945
0.15406711
0.15420242
0.15420242
0.15428351
0.15441981
0.15451257
0.15454608
0.15448026
0.15443854
0.15434563
0.15429263
0.15418398
0.15407708
0.15404063
0.1540385
0.15402855
0.15404291
0.1541324
0.15427352
0.15438831
0.15449181
0.1545511
0.1545873
0.15464301
0.15472153
0.1547505
0.15469556
0.15460803
0.15446821
0.15439251
0.15431274
0.15427314
0.15423481
0.15418723
0.1542598
0.15454622
0.15475075
0.15488562
0.15504229
0.15519542
0.15525717
0.15527342
0.15529172
0.15537019
0.15539645
0.15534514
0.15533683
0.15530394
0.15529916
0.15533824
0.15529199
0.15529199
0.15518862
0.15510376
0.15506582
0.15509908
0.1551933
0.15528348
0.15532151
0.15531693
0.15533133
0.15536316
0.1554112
0.15542333
0.15536945
0.15527463
0.15516058
0.15507545
0.15503494
0.15507348
0.15516445
0.1552765
0.1553694
0.15547201
0.15563095
0.1558473
0.15605164
0.15622991
0.15638584
0.15653808
0.15668654
0.15687992
0.15703468
0.15713336
0.15722778
0.15727235
0.15733625
0.15742001
0.15754034
0.15759207
0.1576315
0.15763299
0.15769652
0.15781891
0.15790859
0.15793987
0.15796763
0.15808052
0.15814406
0.1581995
0.1581995
0.15828204
0.15832438
0.15832002
0.15830109
0.15828429
0.15824138
0.15821964
0.15823063
0.15826437
0.1583617
0.15842877
0.15847799
0.15852329
0.15853573
0.1585006
0.158482
0.15842569
0.15838227
0.15836784
0.15835728
0.15832114
0.15826201
0.15818542
0.15817581
0.15819283
0.158201
0.15826623
0.15831828
0.15838026
0.15841812
0.1584498
0.15848854
0.1585314
0.15856335
0.1585806
0.15858981
0.15860488
0.1585998
0.1585756
0.15850902
0.15842372
0.15828425
0.15816694
0.1580569
0.15792906
0.15782796
0.15775609
0.15776558
0.15776558
0.15775807
0.15776615
0.15774325
0.15771708
0.15770933
0.15776871
0.15780045
0.15784815
0.15790038
0.15794651
0.15797839
0.15797631
0.15793434
0.1578968
0.1578632
0.15785919
0.15787111
0.15787427
0.15788743
0.15786947
0.15783787
0.15779352
0.15776879
0.15776177
0.1577893
0.157813
0.15782839
0.15787648
0.15790357
0.15791735
0.15794805
0.1579893
0.15802218
0.15804143
0.15806206
0.15807909
0.15807419
0.15807173
0.15808219
0.15810591
0.15811735
0.15816203
0.15820074
0.15823302
0.15823859
0.15823926
0.1582283
0.15822394
0.15822394
0.15821736
0.15820602
0.15819392
0.15818974
0.15818468
0.15817665
0.15818371
0.15818043
0.15817548
0.15815765
0.15812945
0.15810536
0.15808594
0.1580759
0.15805243
0.15803854
0.15802637
0.15802705
0.15802573
0.15800607
0.15799001
0.15797578
0.15795751
0.15793765
0.15792368
0.15791138
0.15788582
0.15786856
0.15784916
0.15783584
0.15782434
0.15781587
0.15780208
0.15779132
0.15776958
0.15774795
0.157739
0.15773033
0.15771635
0.1576896
0.15765636
0.1576355
0.15760837
0.1575886
0.1575658
0.15754998
0.15753913
0.15752493
0.20701429
