3.0
3.0
3.0000072
3.000056
3.0001936
3.0005832
3.0011353
3.0016983
3.0023398
3.0030854
3.0038762
3.0045564
3.0053272
3.0061724
3.006936
3.0077808
3.0085227
3.00932
3.010151
3.0110373
3.0119796
3.0127435
3.0134997
3.0140858
3.0148318
3.0155149
3.0163374
3.0169592
3.0173132
3.0178792
3.0182793
3.0185025
3.0185359
3.018674
3.018689
3.0188122
3.0188396
3.0189502
3.0190346
3.019124
3.0192227
3.01932
3.0195696
3.0198884
3.0202339
3.020595
3.0208955
3.0210936
3.0213342
3.0213342
3.02168
3.0219023
3.0220995
3.022231
3.022501
3.0230312
3.023551
3.0241454
3.024555
3.0248673
3.0251136
3.0251472
3.0251539
3.0251958
3.02526
3.0253398
3.0253844
3.0254278
3.0257452
3.0261283
3.026431
3.0269551
3.0273943
3.0278099
3.0281622
3.0284832
3.0287278
3.0289774
3.029163
3.0293334
3.0295072
3.0297089
3.029843
3.0299387
3.030067
3.0301583
3.0302186
3.0303593
3.030462
3.0306668
3.0308642
3.0310175
3.0310822
3.031056
3.030748
3.0302777
3.029444
3.0286076
3.0286076
3.0276597
3.026545
3.0251467
3.0237381
3.022327
3.020857
3.019247
3.0176256
3.0158768
3.014058
3.0121295
3.0101473
3.0080876
3.0059676
3.0038815
3.001756
2.9997091
2.9976428
2.9955359
2.9933827
2.9911866
2.9889777
2.9867806
2.9846601
2.9825468
2.980365
2.978378
2.976337
2.9743547
2.9723268
2.9703748
2.9684348
2.9665601
2.9645689
2.9625657
2.9605691
2.95855
2.9564426
2.954277
2.9521923
2.9500854
2.947934
2.945761
2.9434988
2.9411988
2.9390228
2.936911
2.9348557
2.9348557
2.9327648
2.9305935
2.9283428
2.9261875
2.9240756
2.9219182
2.9196668
2.9174492
2.915349
2.913191
2.9110124
2.9088044
2.9065928
2.904329
2.9020133
2.8997273
2.8974686
2.8951757
2.892912
2.8906767
2.8884046
2.8861966
2.8839722
2.881777
2.8796773
2.8775804
2.8755023
2.8733542
2.871206
2.8690584
2.8668847
2.8647044
2.862628
2.860566
2.8585405
2.8565605
2.8545249
2.8524878
2.850466
2.8484209
2.8463266
2.8442032
2.84212
2.8400724
2.8380759
2.8360837
2.8341079
2.8320808
2.8320808
2.8300686
2.8281054
2.8261316
2.8241103
2.8220818
2.8200185
2.8179736
2.8158946
2.8137884
2.811606
2.8094144
2.8070652
2.8046598
2.8023973
2.80025
2.798177
2.7962193
2.794242
2.7922926
2.7904158
2.7885222
2.7866905
2.784806
2.7828608
2.7810125
2.779203
2.7774568
2.775606
2.773785
2.77204
2.7702286
2.7684374
2.766674
2.7648585
2.763024
2.7611976
2.7593374
2.7575092
2.755577
2.7536855
2.751782
2.7498384
2.7479753
2.746112
2.7443197
2.7425992
2.7409225
2.739288
2.739288
2.7375855
2.7359393
2.7342496
2.732593
2.7309206
2.7291977
2.7274897
2.725693
2.7239263
2.7222123
2.720561
2.7188203
2.7171192
2.7154806
2.7138388
2.7121565
2.7104983
2.708938
2.707461
2.7058997
2.704187
2.7023647
2.7005432
2.698721
2.6968908
2.6951175
2.693378
2.6916401
2.6898997
2.6881804
2.6865356
2.6848593
2.6831937
2.6815362
2.6798906
2.6782422
2.676618
2.6749704
2.673296
2.6716805
2.6700702
2.6684282
2.6665807
2.6646664
2.6627445
2.660809
2.6588004
2.6568413
2.6568413
2.6549633
2.6531093
2.6512597
2.6494844
2.6477535
2.6459966
2.6442688
2.6426053
2.6408978
2.6391993
2.6374903
2.6357841
2.6341264
2.6324415
2.6307933
2.629143
2.6274881
2.6257892
2.6241179
2.6224563
2.6208167
2.6191802
2.6175268
2.6159263
2.6143806
2.612818
2.611216
2.6095173
2.6078167
2.6061122
2.6044602
2.602672
2.6008985
2.5990562
2.5972703
2.595512
2.5937934
2.5920238
2.5903137
2.5885828
2.5868049
2.5849662
2.5831494
2.5813944
2.5796907
2.5779405
2.576228
2.5745428
2.5745428
2.5728679
2.5712128
2.5695238
2.56779
2.5660117
2.5642996
2.5624971
2.5607367
2.559002
2.557311
2.555654
2.5539386
2.5522637
2.550634
2.5489132
2.547197
2.5455384
2.5439014
2.542309
2.5407393
2.5391703
2.5374656
2.5357893
2.5340858
2.532396
2.5307424
2.5290475
2.52739
2.5257561
2.5240974
2.522458
2.5209036
2.5193548
2.5177846
2.5161815
2.5146315
2.513049
2.5114381
2.5097525
2.5080504
2.5063286
2.5045762
2.5027945
2.5009797
2.4989853
2.4969468
2.4949498
2.4930344
2.4930344
2.4911253
2.4892757
2.4874299
2.4856331
2.4838426
2.4821048
2.48036
2.4786646
2.4768765
2.475087
2.473322
2.4714923
2.4697082
2.4678962
2.466142
2.464295
2.4624662
2.4606378
2.4587855
2.4569573
2.4551525
2.4533436
2.4514508
2.4496033
2.4477015
2.4457414
2.4437344
2.4417822
2.43991
2.438058
2.436149
2.4341974
2.4322145
2.430203
2.4282138
2.4262846
2.4243321
2.42244
2.420574
2.4187713
2.4170234
2.4153113
2.4135916
2.4118366
2.4101412
2.4083538
2.4064603
2.4044874
2.4044874
2.4024887
2.4004693
2.3985002
2.3965304
2.3946567
2.3928099
2.3910031
2.3892405
2.3874965
2.3856702
2.3838534
2.3820415
2.3803084
2.3786252
2.3768942
2.3752036
2.3734074
2.371581
2.3697085
2.367858
2.3659918
2.364107
2.3621318
2.3600771
2.3579628
2.3559163
2.353916
2.3519506
2.3500042
2.3480496
2.3460894
2.344096
2.3421328
2.3402367
2.3383718
2.3365908
2.3348868
2.3331497
2.331383
2.3295443
2.3276553
2.3257625
2.3239124
2.3220422
2.3202279
2.3184333
2.3166685
2.3149467
2.3149467
2.3131952
2.311469
2.3096652
2.3078463
2.3059964
2.3040988
2.3021278
2.3002117
2.2983863
2.2965887
2.294815
2.2929049
2.2910752
2.2892945
2.2875876
2.2857807
2.2838109
2.2817628
2.2797933
2.2778637
2.2759755
2.2741706
2.2723665
2.2705543
2.2687693
2.267076
2.2653487
2.263635
2.2618976
2.2601895
2.2584527
2.2566998
2.2548888
2.253092
2.2512708
2.2494848
2.24778
2.2461174
2.2443411
2.2425673
2.2408373
2.2391665
2.237306
2.2353709
2.2334766
2.2316673
2.2298834
2.2282012
2.2282012
2.2264626
2.2247515
2.2230158
2.2213724
2.2197652
2.2181673
2.2165322
2.2148948
2.2133098
2.2117739
2.2102752
2.2088056
2.2073185
2.2058234
2.2043931
2.202991
2.2015793
2.200102
2.1985586
2.1970546
2.1955361
2.193988
2.192391
2.190694
2.1889505
2.1871274
2.1852837
2.1834812
2.18176
2.1801453
2.178688
2.177188
2.1756928
2.1741986
2.1727314
2.171257
2.169696
2.1681733
2.1666992
2.1650977
2.1634905
2.1618643
2.1603005
2.1586592
2.157026
2.1553612
2.1537373
2.1519394
2.1519394
2.150136
2.1483715
2.1466823
2.1450443
2.143393
2.1417706
2.1401913
2.1385362
2.1368496
2.1350768
2.1332142
2.1313596
2.12951
2.1277375
2.1261258
2.1246135
2.123151
2.1216059
2.1200454
2.118578
2.1171463
2.1157236
2.114313
2.1128292
2.1113017
2.1097925
2.1083796
2.1068463
2.1052654
2.103761
2.1022854
2.1008768
2.0995224
2.0980713
2.0965092
2.0948992
2.0933936
2.0919757
2.0905728
2.0890992
2.0876293
2.0859478
2.0843427
2.0827978
2.0812607
2.0797927
2.0783124
2.076809
2.076809
2.0753245
2.073891
2.0724676
2.0711303
2.069588
2.0681098
2.0666368
2.065209
2.0637956
2.0624235
2.061
2.0596924
2.0583491
2.0569918
2.055665
2.0542607
2.0529134
2.0515454
2.0501134
2.0486507
2.0473437
2.0460753
2.0448554
2.0436418
2.042429
2.0411744
2.039913
2.038665
2.0374396
2.036268
2.0349874
2.0336754
2.032438
2.0312195
2.030032
2.0289104
2.027818
2.0267694
2.0255373
2.0242476
2.0229692
2.0217025
2.0204093
2.019079
2.017813
2.0164871
2.015064
2.0136824
2.0136824
2.0122743
2.010905
2.0095663
2.00831
2.0070443
2.005759
2.004491
2.003176
2.001836
2.000515
1.9991825
1.9977312
1.9963228
1.9949799
1.9934675
1.9919442
1.9904068
1.9889228
1.9874805
1.9860176
1.9845694
1.9831961
1.9818103
1.9804204
1.979157
1.9778264
1.9764967
1.9751986
1.9739074
1.9726248
1.9714075
1.970209
1.9688978
1.9674726
1.9661022
1.9648535
1.9637308
1.9625863
1.9613647
1.9602224
1.9589803
1.9577119
1.956319
1.9548013
1.9532839
1.9517481
1.9503418
1.9488767
1.9488767
1.9474672
1.9460624
1.9445978
1.9430248
1.9415334
1.9401106
1.9387207
1.937315
1.9359362
1.934594
1.93334
1.9321569
1.9307804
1.9292623
1.9277964
1.9263849
1.9250609
1.923786
1.9225115
1.9210373
1.9195594
1.9181919
1.9168581
1.915516
1.9142132
1.9129803
1.9117984
1.9106671
1.9095396
1.9084369
1.9073073
1.9062302
1.9051037
1.9039006
1.9026493
1.9015801
1.9004488
1.8992337
1.8979168
1.896562
1.8952583
1.894005
1.8928871
1.8917468
1.8906224
1.8896568
1.8887619
1.8877995
1.8877995
1.886729
1.8856153
1.8845452
1.8835958
1.882648
1.8817282
1.8808576
1.879752
1.8786638
1.8775724
1.8764671
1.8754281
1.8743993
1.8732704
1.8721242
1.8709959
1.8699703
1.8690001
1.867976
1.8670081
1.8660364
1.8651383
1.8643034
1.8634788
1.8625228
1.8615758
1.8606075
1.8596413
1.8586301
1.8575059
1.8563235
1.8550274
1.8536978
1.8522978
1.8508558
1.8495504
1.8484147
1.8474054
1.8464603
1.8454984
1.8444796
1.8434248
1.8423564
1.8412082
1.8399242
1.8386385
1.8372828
1.8360225
1.8360225
1.8347174
1.8334628
1.8322083
1.8310293
1.8298255
1.8286222
1.8274177
1.8262322
1.8251803
1.824169
1.8231838
1.8220705
1.8210745
1.8200082
1.8189692
1.8179493
1.8168069
1.8156585
1.8145523
1.813479
1.8124933
1.8114699
1.8104564
1.809517
1.808583
1.8075564
1.8064493
1.8052769
1.80416
1.8031293
1.8022008
1.8012217
1.8001704
1.7990562
1.7978928
1.7966424
1.7954091
1.7942791
1.7931175
1.7920909
1.791111
1.7901545
1.7889758
1.7877226
1.7864795
1.7852577
1.7840396
1.7827276
1.7827276
1.7815679
1.7804983
1.7793628
1.7782426
1.7771982
1.7762299
1.7751828
1.7742038
1.773295
1.7724327
1.7716362
1.770861
1.7698885
1.7689393
1.7680854
1.7672783
1.7665601
1.7657672
1.7649243
1.7639971
1.7627822
1.7614791
1.7601645
1.7588967
1.7578079
1.7568375
1.7559063
1.7548304
1.7538053
1.7528377
1.7520388
1.7513006
1.7504225
1.7494237
1.7486103
1.7478852
1.7472149
1.7463094
1.7454078
1.7445345
1.7436353
1.7427593
1.7418151
1.7408341
1.7398069
1.7387829
1.7377665
1.736702
1.736702
1.7354767
1.7342662
1.7332789
1.732331
1.7313131
1.7301339
1.7289125
1.7276824
1.7266058
1.7255954
1.7246969
1.7237406
1.7227148
1.7217486
1.7208236
1.7198977
1.7188708
1.7177494
1.7167078
1.715759
1.7147882
1.713876
1.7128112
1.7117347
1.710641
1.7095493
1.7084858
1.707509
1.7064583
1.7052699
1.7040664
1.7028067
1.70161
1.7004145
1.6992718
1.6981755
1.6972836
1.6963245
1.6953214
1.6942624
1.6931182
1.6918181
1.6906796
1.6896187
1.6885983
1.6876054
1.6867714
1.6859154
1.6859154
1.6850756
1.6841217
1.6831385
1.6821501
1.6812304
1.6804022
1.6795816
1.6787935
1.6779523
1.6770395
1.6760944
1.6751388
1.6742554
1.6732655
1.6720309
1.6708158
1.6696173
1.6685742
1.667711
1.6668713
1.6660587
1.6652839
1.6644824
1.663612
1.6626126
1.6614527
1.660226
1.6590472
1.6578852
1.6567268
1.6555504
1.654412
1.6532499
1.6521137
1.6509951
1.6497011
1.6484978
1.6473403
1.646087
1.6448058
1.6435766
1.6424298
1.6413666
1.6401849
1.63909
1.6378903
1.636722
1.6358402
1.6358402
1.6349337
1.6340984
1.6331465
1.6320806
1.6310471
1.6300108
1.628974
1.6279445
1.6269246
1.6259562
1.6249692
1.6238456
1.6225954
1.6215154
1.6205283
1.6195551
1.618686
1.6175417
1.6164582
1.615413
1.6144509
1.6134862
1.6125544
1.6116176
1.6107087
1.6096867
1.6085597
1.6074588
1.6065668
1.605507
1.6045309
1.6035485
1.6026269
1.6017421
1.60095
1.6000832
1.598897
1.5976045
1.5964185
1.5952907
1.5941193
1.5928726
1.5916079
1.5903566
1.5891523
1.5878618
1.5865012
1.5851737
1.5851737
1.5842063
1.5832543
1.582117
1.5809736
1.579896
1.5789293
1.5778613
1.5766264
1.5752263
1.5739784
1.5727375
1.5715781
1.5702562
1.5690846
1.5678138
1.5665383
1.5652226
1.5639483
1.5626901
1.5613781
1.5601914
1.5589323
1.5578989
1.5569367
1.5559654
1.5549382
1.553838
1.5527016
1.5516412
1.5506481
1.5498779
1.5489784
1.5479838
1.5471004
1.5461472
1.5453035
1.5443144
1.5432554
1.5421067
1.5409589
1.5399237
1.538854
1.5377926
1.5365831
1.5354822
1.5345364
1.5335318
1.5325733
1.5325733
1.5316546
1.5306858
1.5297651
1.5288981
1.5279485
1.5269405
1.5260268
1.5251535
1.5244188
1.5235928
1.5227424
1.5218515
1.5211382
1.5203155
1.5193378
1.5184704
1.5175917
1.516737
1.5159031
1.5149131
1.5140427
1.5131944
1.5124915
1.5119295
1.5111673
1.5104642
1.5098317
1.5091804
1.5085497
1.5076947
1.5068504
1.5059642
1.5049376
1.5040596
1.5033509
1.5028579
1.5025812
1.5026087
1.5022743
1.5015208
1.5008272
1.5002441
1.4999659
1.4996262
1.4990067
1.4982765
1.4974787
1.4967719
1.4967719
1.4961952
1.4954705
1.494559
1.4932888
1.4919238
1.4905049
1.4891655
1.4878151
1.4863825
1.4848655
1.483269
1.4816912
1.4800825
1.478412
1.4767519
1.4749334
1.4730382
1.4711868
1.4693747
1.4675068
1.4656475
1.4638022
1.4619507
1.4600911
1.4583819
1.4568049
1.455173
1.4534161
1.4517761
1.4501615
1.4487698
1.4474338
1.4460008
1.4445271
1.4430324
1.4415072
1.4399378
1.4384621
1.4370644
1.4358869
1.4348406
1.4337379
1.4328082
1.4320467
1.4312074
1.430394
1.4294206
1.4283205
1.4283205
1.4270984
1.4259084
1.4247607
1.4235712
1.4224931
1.4213991
1.4203821
1.4193223
1.4183254
1.4175087
1.4167823
1.4159087
1.4148842
1.4138578
1.4129831
1.4120519
1.4108957
1.4098109
1.4089758
1.4081057
1.4073148
1.4065269
1.4057143
1.4048549
1.4039184
1.4028395
1.4020239
1.4012256
1.400444
1.3997337
1.399058
1.3982433
1.397448
1.3966752
1.3956512
1.3948528
1.3940183
1.393261
1.3924059
1.3914593
1.3906338
1.3898317
1.3889766
1.3880475
1.3873748
1.3867717
1.3862438
1.3856512
1.3856512
1.3850367
1.3843808
1.3835385
1.3826433
1.3818808
1.3812202
1.3806725
1.3801233
1.3795067
1.3788677
1.3782436
1.3776689
1.3771075
1.3765578
1.3759861
1.3754163
1.3748125
1.3740678
1.3734283
1.3729683
1.3724719
1.371836
1.3711587
1.3704563
1.3698534
1.3693088
1.3688046
1.3682952
1.3677477
1.3672327
1.366691
1.3660754
1.3654264
1.3647798
1.3642575
1.3636566
1.363156
1.3626242
1.3621079
1.3615701
1.361046
1.3605268
1.3598121
1.3590729
1.3584244
1.3578581
1.357347
1.3567395
1.3567395
1.356196
1.3557453
1.3554229
1.3552104
1.3549685
1.354667
1.354242
1.353627
1.3530289
1.352601
1.3522317
1.3517325
1.3512139
1.3507394
1.3502337
1.3496435
1.3491571
1.3487058
1.3482566
1.3478334
1.3474452
1.3471293
1.34676
1.3462777
1.3458954
1.3456825
1.3455385
1.3452728
1.3449723
1.3446101
1.344226
1.3439269
1.3437046
1.3434405
1.3432515
1.3430712
1.3427223
1.3423346
1.341911
1.3413987
1.3409272
1.3404584
1.3399918
1.3393307
1.3387406
1.3382308
1.3378786
1.3376503
1.3376503
1.3373665
1.3371305
1.3370051
1.3368675
1.3366499
1.3364092
1.3360679
1.3356428
1.3353649
1.3349339
1.3345602
1.33424
1.3341634
1.3339473
1.3337114
1.333543
1.3335581
1.3335208
1.333368
1.3332437
1.3331198
1.3329552
1.3326746
1.332214
1.3317916
1.3315463
1.3313463
1.3312173
1.3311423
1.3309654
1.3307648
1.3303312
1.329821
1.3296306
1.3293914
1.3291323
1.328934
1.3286507
1.3282791
1.327723
1.3271954
1.3266164
1.3259666
1.3253325
1.3246572
1.3239344
1.3232057
1.3224894
1.3224894
1.3220267
1.3215013
1.3208547
1.3203217
1.3197919
1.3192089
1.318687
1.3180717
1.3175302
1.3171582
1.316687
1.3161037
1.3155334
1.3149393
1.314467
1.3138236
1.3132054
1.3126141
1.3119253
1.3112113
1.3107667
1.3102659
1.3098645
1.3095104
1.3090823
1.3086058
1.3083106
1.3080124
1.3077786
1.3076185
1.3075918
1.3074356
1.3071693
1.3068047
1.306449
1.3059236
1.3054128
1.3049276
1.3046392
1.304102
1.3035289
1.3029835
1.3024305
1.302019
1.3017293
1.3014604
1.3013505
1.3012006
1.3012006
1.3012074
1.3011385
1.3010744
1.301091
1.301023
1.3008853
1.3006549
1.3004332
1.3001157
1.2997141
1.2993608
1.2989042
1.2983501
1.297879
1.297448
1.2969617
1.2964343
1.2958883
1.2953367
1.2946944
1.2939694
1.2931788
1.2924366
1.2917839
1.2910433
1.2904869
1.2899446
1.2894286
1.2888281
1.2883074
1.2879169
1.2875477
1.2872099
1.2868265
1.2864494
1.2863634
1.2863041
1.2865115
1.2867342
1.2869027
1.2870921
1.2870939
1.2870265
1.2868404
1.2866908
1.2865855
1.2864556
1.286264
1.286264
1.2860142
1.2859445
1.2860261
1.2862723
1.2865741
1.2867111
1.2868837
1.2871023
1.2870598
1.2868105
1.2866495
1.2866942
1.2866524
1.2865484
1.286467
1.2864056
1.286372
1.2860553
1.2857683
1.2854013
1.2850513
1.2847137
1.2842503
1.2839746
1.2838324
1.2837428
1.2835804
1.2835361
1.2835277
1.2836452
1.2837061
1.2835926
1.2834114
1.2833029
1.2830878
1.2827585
1.2824291
1.28213
1.2818943
1.2816584
1.2815809
1.2816592
1.2816799
1.2815158
1.2809628
1.2804875
1.2800537
1.2798569
1.2798569
1.2797712
1.2795998
1.2794015
1.2791833
1.2789904
1.2786613
1.278395
1.2783209
1.2782836
1.2782574
1.278183
1.2779075
1.2775391
1.2770461
1.276816
1.2765872
1.2762679
1.2759191
1.2755363
1.2752992
1.275035
1.2749078
1.2746849
1.2743497
1.2741116
1.274084
1.2740637
1.2739879
1.273932
1.2737291
1.2734997
1.2732779
1.2731779
1.2732261
1.2733142
1.2733886
1.273429
1.273486
1.2735001
1.2733605
1.2731172
1.2729338
1.2726046
1.2721062
1.2717358
1.2713042
1.2708349
1.2704542
1.2704542
1.2700198
1.2696313
1.2692575
1.268822
1.2684345
1.2681122
1.2678621
1.2675304
1.2672716
1.2670029
1.2668443
1.266607
1.2662055
1.2657428
1.265293
1.2648435
1.2643305
1.2638837
1.2635387
1.2634317
1.2633084
1.2632279
1.2631204
1.2630407
1.2629795
1.2629917
1.2630062
1.2631056
1.2629281
1.2625188
1.2621937
1.2620295
1.261888
1.2615626
1.2611226
1.2608907
1.2606629
1.2603025
1.259873
1.259559
1.2592818
1.2589641
1.2584628
1.2579831
1.2574433
1.2569007
1.2564142
1.2557305
1.2557305
1.2550259
1.2543937
1.2538531
1.2533454
1.2529877
1.2527175
1.2526118
1.2524036
1.2521049
1.2515287
1.2510369
1.2507434
1.2506264
1.2504998
1.2503482
1.2500906
1.2499118
1.2496428
1.2494364
1.2493235
1.2493786
1.2491449
1.2488071
1.2485203
1.248198
1.2477171
1.2472662
1.2470708
1.2469171
1.246811
1.2467085
1.2466753
1.246688
1.2466292
1.2463474
1.2461452
1.2461865
1.2461325
1.2460786
1.2461871
1.2462264
1.2461764
1.2459598
1.2455571
1.2451094
1.2447513
1.2443038
1.2438241
1.2438241
1.2432994
1.2426565
1.2420951
1.2414448
1.2409816
1.2405857
1.2403617
1.2401726
1.2398838
1.239578
1.2393892
1.2392857
1.2392325
1.2392569
1.2392226
1.2392566
1.2393626
1.239527
1.2396729
1.2397217
1.2396902
1.2394838
1.2394735
1.2395128
1.2393098
1.2390153
1.2386445
1.2382314
1.2378967
1.2375426
1.2372259
1.2370143
1.2369384
1.2368867
1.2367684
1.2366068
1.2365129
1.236346
1.2361783
1.2358278
1.2355584
1.2351993
1.2349782
1.234794
1.2346437
1.2344792
1.2342843
1.2340373
1.2340373
1.2337819
1.2335296
1.2336278
1.2336878
1.2337667
1.2337972
1.233955
1.233946
1.2339159
1.2337476
1.2336028
1.2335452
1.2335515
1.2334223
1.2335099
1.233628
1.233778
1.2337817
1.2336408
1.2335242
1.2333728
1.2329869
1.2327492
1.2326796
1.232762
1.2327203
1.2326862
1.2326257
1.2326093
1.2324718
1.2322004
1.2319422
1.231766
1.2316842
1.2316762
1.231471
1.2314329
1.2312577
1.2311236
1.2311496
1.2311333
1.2309176
1.2307717
1.2307937
1.2306603
1.2304271
1.2303565
1.2302519
1.2302519
1.2301978
1.2300171
1.2297944
1.2296915
1.2296609
1.2295725
1.2294499
1.22941
1.2292095
1.2290597
1.2287413
1.2283454
1.2280792
1.2280142
1.2278863
1.2278061
1.2277572
1.2277429
1.2277201
1.2275977
1.2275445
1.2275426
1.2275504
1.2274408
1.2271669
1.2269613
1.2267648
1.2265334
1.2261915
1.2256998
1.2252467
1.2249256
1.2246333
1.2244309
1.2241719
1.2239482
1.2237056
1.2233893
1.2231482
1.2231098
1.2231455
1.2231958
1.223115
1.2230577
1.222866
1.2226273
1.2224935
1.2225039
1.2225039
1.2224623
1.2224255
1.2223083
1.2220322
1.2217487
1.2215409
1.221747
1.2220612
1.2222221
1.2222468
1.2222686
1.2224032
1.2222317
1.2219079
1.2215711
1.2214091
1.2213738
1.2212126
1.2208952
1.220559
1.2203804
1.2201955
1.2200071
1.2197465
1.2197386
1.2196885
1.2196273
1.2195005
1.2193027
1.2190824
1.2189726
1.2188369
1.2185915
1.2184321
1.2185003
1.2186536
1.2186347
1.2184864
1.2183996
1.2183567
1.2182333
1.2180185
1.2177886
1.2175769
1.2173476
1.2171403
1.2168972
1.2169065
1.2169065
1.2169425
1.2169135
1.2167876
1.216487
1.2162211
1.2159263
1.2154857
1.2149616
1.2144691
1.2140577
1.213836
1.2135412
1.2132095
1.2130029
1.2126341
1.2123771
1.2122498
1.2120823
1.2118857
1.2116607
1.2114341
1.2110441
1.2105405
1.2101101
1.2098203
1.2094114
1.2090158
1.2085594
1.2081165
1.2075278
1.2070215
1.2064995
1.206097
1.2058909
1.2057699
1.2056196
1.2056293
1.2053516
1.2050245
1.2048365
1.2045134
1.2041438
1.2038859
1.203739
1.2035227
1.2034154
1.203233
1.2029082
1.2029082
1.2028068
1.2027873
1.2028931
1.202879
1.2028493
1.2029252
1.2033871
1.2036946
1.2039137
1.204164
1.2043698
1.2046684
1.2048233
1.2048652
1.2049803
1.2049578
1.2051711
1.2051963
1.2053827
1.2056057
1.2059975
1.2062358
1.2065964
1.2069124
1.2071732
1.2075263
1.2078862
1.2080319
1.208213
1.2084795
1.208707
1.2088118
1.2090253
1.2092652
1.2095699
1.2098398
1.209835
1.2097428
1.2096097
1.2093483
1.2091514
1.209108
1.2094427
1.2096413
1.2098482
1.2099704
1.2100301
1.2100443
1.2100443
1.2100586
1.2101655
1.2101614
1.2100655
1.2099427
1.2098825
1.209751
1.2094307
1.2093029
1.2092059
1.2091613
1.209183
1.2090619
1.2090006
1.208939
1.2088816
1.2087837
1.2084713
1.208226
1.2080698
1.208021
1.2081068
1.2081406
1.2083753
1.2086704
1.2088519
1.2091119
1.2092124
1.2094874
1.2096226
1.2096703
1.2097332
1.2097124
1.20973
1.2096821
1.2095342
1.2092406
1.2089154
1.2087039
1.2084681
1.2083001
1.2082777
1.2080536
1.2078013
1.2076503
1.2076048
1.2074659
1.2074549
1.2074549
1.207244
1.2070296
1.2070781
1.2070467
1.2067885
1.2066014
1.2065712
1.206484
1.2065078
1.2063724
1.2062194
1.2062632
1.2062566
1.206105
1.2058837
1.2056901
1.2055504
1.205205
1.2048796
1.204392
1.2038965
1.2034535
1.2031037
1.2027823
1.2025173
1.202393
1.2024254
1.2024415
1.2024692
1.2026534
1.202858
1.2028546
1.202888
1.2028303
1.2029623
1.2030629
1.2031373
1.2031153
1.2029167
1.2027017
1.2024829
1.2024684
1.2025499
1.2025888
1.2028819
1.2033489
1.2036145
1.2037964
1.2037964
1.2041202
1.204357
1.204468
1.2044847
1.204311
1.2041494
1.2039108
1.2037472
1.2035209
1.2032421
1.202998
1.2027224
1.2023454
1.2020528
1.2018311
1.2014986
1.2011825
1.2010928
1.2009757
1.2008096
1.2005886
1.200482
1.2004331
1.200299
1.2003019
1.2003368
1.2003193
1.2004145
1.2005745
1.2008991
1.2011292
1.2011673
1.2011958
1.2012551
1.2014388
1.2017471
1.2019472
1.2020025
1.2020915
1.2021582
1.2020017
1.2019105
1.2017274
1.2014875
1.2016226
1.2016634
1.2016232
1.2015302
1.2015302
1.2013525
1.2011781
1.2008444
1.2004905
1.2003454
1.2001235
1.1999094
1.1994959
1.1991167
1.1989843
1.1988761
1.1986845
1.1985532
1.198411
1.1983038
1.1981455
1.1979226
1.1976591
1.1976749
1.1977149
1.1977419
1.1976988
1.1977667
1.1978548
1.1978755
1.1978308
1.1977085
1.1975474
1.1972873
1.1971278
1.1967874
1.1964444
1.1960628
1.1957185
1.1952668
1.194804
1.1943724
1.1940538
1.1936826
1.1933501
1.1931723
1.1931629
1.1929944
1.1927192
1.1924224
1.1922584
1.1921666
1.1920867
1.1920867
1.191841
1.1916467
1.191502
1.1914634
1.1911993
1.1909096
1.1906487
1.1903826
1.1900536
1.1898019
1.189508
1.1892152
1.1889929
1.1885992
1.1883537
1.1882468
1.1879934
1.1876407
1.1872122
1.1867152
1.1863374
1.1860698
1.1858608
1.1856893
1.1855401
1.185383
1.1851203
1.184853
1.1848422
1.1846123
1.184379
1.1840421
1.1834992
1.1830138
1.1823765
1.1818626
1.1813642
1.1809793
1.1806717
1.1804895
1.1804047
1.180317
1.1803634
1.1804279
1.1804367
1.1806183
1.1809278
1.1811869
1.1811869
1.1813141
1.1814286
1.181437
1.1814171
1.1812162
1.1810459
1.1807817
1.1806169
1.1803783
1.1801527
1.1801289
1.180264
1.1804029
1.1805334
1.1806796
1.1807436
1.180729
1.1807216
1.1807216
1.1806049
1.1804507
1.1803616
1.1802611
1.1800454
1.1796969
1.1791556
1.1787715
1.1784909
1.1783651
1.1781932
1.1779026
1.1779048
1.1783488
1.1785208
1.1785914
1.1788278
1.1792029
1.1793804
1.1793813
1.179307
1.1794165
1.1794679
1.1793323
1.1792637
1.179095
1.1789917
1.1789548
1.1786996
1.1786996
1.1783022
1.1779605
1.177774
1.1777687
1.1779985
1.1782545
1.178443
1.1785058
1.1785641
1.1785735
1.1786218
1.1787249
1.1786839
1.1784909
1.178181
1.1779133
1.1777661
1.177804
1.1780168
1.1783066
1.178541
1.1787367
1.1789806
1.1792831
1.1795279
1.1797314
1.1799409
1.1801684
1.1803473
1.1806192
1.1808761
1.1809957
1.1810327
1.180856
1.1808219
1.180958
1.1812134
1.1813011
1.1813593
1.1812296
1.1812531
1.1813415
1.1812646
1.1810477
1.1809603
1.1811535
1.1811812
1.1811082
1.1811082
1.1811805
1.1811507
1.1809641
1.1807998
1.180753
1.1807144
1.1808624
1.1810688
1.1811726
1.1813828
1.1814915
1.1816002
1.1817541
1.1818173
1.1817113
1.1816156
1.1813012
1.1809494
1.1807376
1.180567
1.1803433
1.1800678
1.1798097
1.1797967
1.1798514
1.1798022
1.1798879
1.179924
1.1799799
1.1800214
1.179993
1.1799295
1.1798499
1.179729
1.179627
1.1794899
1.1793256
1.1791989
1.1790918
1.1788714
1.1785179
1.177989
1.1776431
1.1773947
1.1770788
1.176801
1.1766145
1.1766936
1.1766936
1.1766226
1.1766047
1.1764833
1.1764312
1.1764542
1.1766247
1.1765107
1.1764624
1.1764504
1.1764008
1.1762272
1.17595
1.1756431
1.1754457
1.1752155
1.174968
1.1747295
1.1744562
1.1743622
1.174095
1.1736636
1.1731291
1.1729144
1.1728938
1.1729523
1.1728346
1.1726292
1.1727543
1.1728616
1.172861
1.17286
1.1728477
1.1728
1.1727244
1.1726493
1.172551
1.1723717
1.1723074
1.1723177
1.1722771
1.1720928
1.1720371
1.1719576
1.171914
1.1717896
1.1716958
1.1715816
1.1714789
1.1714789
1.1712655
1.1709507
1.1706035
1.1703787
1.1702573
1.1702228
1.1704795
1.1706375
1.1707526
1.1707009
1.1705627
1.1704978
1.1705633
1.1706787
1.1706426
1.1706939
1.1707563
1.1709105
1.1709465
1.1706715
1.1704205
1.1702015
1.1699209
1.1695925
1.1694076
1.1692544
1.1689664
1.1687558
1.1684686
1.1682677
1.1681467
1.1680102
1.1677544
1.1674881
1.167108
1.1667545
1.1665945
1.1664393
1.1662347
1.1658745
1.165454
1.1651512
1.1646868
1.1642478
1.1638429
1.1636207
1.1635363
1.1634294
1.1634294
1.1633915
1.1632812
1.1632347
1.1631875
1.163114
1.1630082
1.1628675
1.1628007
1.1626081
1.1623822
1.1620557
1.1616375
1.1613297
1.1610582
1.1607499
1.1605756
1.1604238
1.1603438
1.1600906
1.1597915
1.1596311
1.1596421
1.1597049
1.1597929
1.1599125
1.1600736
1.1604613
1.1608529
1.1612499
1.161573
1.1618173
1.1621234
1.1624314
1.1625842
1.1626346
1.1627364
1.1627775
1.1626935
1.1627524
1.1627278
1.1626954
1.1625808
1.162393
1.1622912
1.1623789
1.1623806
1.1623801
1.1624725
1.1624725
1.1625707
1.1626446
1.1627805
1.1627679
1.1627355
1.1629096
1.163202
1.1635848
1.1638172
1.1640582
1.1642365
1.1643523
1.1644596
1.1643765
1.1641347
1.1638956
1.163625
1.1632794
1.1629344
1.1626278
1.1623509
1.1621252
1.1619252
1.1617491
1.161764
1.1618665
1.1619129
1.1620052
1.1620239
1.1620132
1.1620688
1.1620232
1.1621864
1.1624452
1.162524
1.1624256
1.1622788
1.1621177
1.1619068
1.1616874
1.16155
1.1613975
1.1612185
1.1609776
1.1607025
1.1603233
1.1600018
1.1597159
1.1597159
1.1595131
1.1594085
1.1592548
1.1590769
1.1590116
1.1590159
1.1590718
1.158986
1.1591464
1.1592585
1.1593233
1.1592246
1.1590973
1.1587746
1.1583942
1.1580904
1.1577147
1.1572777
1.1569955
1.1565931
1.1560206
1.155441
1.1547831
1.154139
1.1536759
1.1532602
1.1529102
1.1526833
1.1524531
1.1522162
1.1519675
1.1517181
1.1515199
1.1514195
1.1513711
1.1512854
1.1511084
1.1507418
1.1503837
1.1501776
1.1500944
1.1499172
1.1497443
1.1496978
1.1498444
1.1496528
1.1498834
1.1500072
1.1500072
1.1502751
1.15068
1.1511205
1.1514417
1.1517323
1.1522453
1.1527699
1.1532954
1.1537207
1.1540068
1.154229
1.1543071
1.1544662
1.1545796
1.1547292
1.154811
1.1547246
1.1546131
1.1545775
1.1546552
1.1546888
1.1546832
1.1546758
1.1545318
1.1544064
1.15425
1.1541014
1.153924
1.1536589
1.1535391
1.1533788
1.1531557
1.152982
1.1530116
1.1530781
1.1530334
1.1528423
1.1527673
1.1528045
1.1526228
1.1523917
1.1521045
1.1519084
1.1518192
1.1517639
1.1516964
1.1515903
1.151568
1.151568
1.1517651
1.1518582
1.1518835
1.1519647
1.1519678
1.1520442
1.1521719
1.1521684
1.1522791
1.1524564
1.1525327
1.1525158
1.1524743
1.152475
1.152403
1.1524036
1.1522719
1.1521695
1.1521264
1.1521058
1.1521841
1.1524143
1.1526493
1.1528217
1.1530735
1.1531575
1.153134
1.153115
1.1532335
1.1532284
1.1532274
1.153281
1.1533353
1.1533186
1.1533289
1.1532941
1.1531699
1.1529313
1.1525856
1.1522149
1.1520392
1.1518093
1.1514893
1.151102
1.1510062
1.1508015
1.1508281
1.1508796
1.1508796
1.1509743
1.1509708
1.1509659
1.1509914
1.1511221
1.1511842
1.1511585
1.1512988
1.1513044
1.1512523
1.1512468
1.1512765
1.1512433
1.1511663
1.15098
1.1509539
1.1509625
1.1507611
1.1503283
1.1499801
1.1497539
1.1495228
1.1494744
1.1492704
1.1490328
1.1487579
1.148587
1.1485132
1.148435
1.1483524
1.1483676
1.148304
1.1483527
1.1483154
1.1482874
1.1483905
1.1485205
1.1484451
1.1482595
1.147998
1.1477716
1.1474903
1.1472089
1.1469907
1.1468269
1.146672
1.1464362
1.1461096
1.1461096
1.1458458
1.1455094
1.1452476
1.1451123
1.1448987
1.1446553
1.1442953
1.1441603
1.1438817
1.1436628
1.1435989
1.1436168
1.1437283
1.1439117
1.1441607
1.1444916
1.1447275
1.1448475
1.1449142
1.1449734
1.1449958
1.1449652
1.1449648
1.145052
1.1451017
1.1449465
1.1447558
1.144631
1.1446319
1.144548
1.1443764
1.1443635
1.1443108
1.1442308
1.1441731
1.144412
1.1447229
1.1448938
1.1448373
1.1449012
1.1451632
1.1454271
1.1456304
1.1457157
1.1457697
1.1458013
1.1458718
1.1457127
1.1457127
1.1454037
1.1451697
1.1451463
1.1449496
1.1446806
1.1443028
1.1438968
1.1437913
1.1435562
1.1432202
1.1429998
1.1427183
1.1424434
1.1420368
1.1416221
1.1414027
1.1412245
1.141053
1.1406769
1.1402365
1.1400228
1.1397551
1.139409
1.1391567
1.1389579
1.1389616
1.1388916
1.1386484
1.1386012
1.1387159
1.1389358
1.1390078
1.1388744
1.1387962
1.138613
1.1385196
1.1383885
1.1383605
1.1384315
1.138373
1.1382815
1.1382173
1.1381631
1.1380091
1.1378807
1.137784
1.1378633
1.1378026
1.1378026
1.1376694
1.137629
1.1375289
1.1373008
1.1368272
1.13637
1.1359909
1.1355981
1.1350665
1.1345315
1.1342434
1.1342018
1.1341668
1.1342086
1.1341759
1.1342247
1.1341922
1.1341889
1.1342068
1.1343637
1.1344906
1.1345601
1.1344521
1.134362
1.1344433
1.1345686
1.1347098
1.1349887
1.1351433
1.1352087
1.1351422
1.135059
1.1349005
1.1347511
1.1347474
1.1348436
1.1349013
1.1350185
1.1351086
1.1351533
1.1350359
1.1348844
1.1347109
1.134755
1.1349233
1.1350862
1.1351768
1.1351798
1.1351798
1.1351805
1.1351831
1.1352025
1.1351569
1.1352073
1.1352292
1.135244
1.1351436
1.1348488
1.1344844
1.134258
1.1340029
1.1338854
1.1338513
1.1338711
1.1338841
1.1336783
1.1334721
1.1331313
1.1331115
1.1331842
1.1331631
1.133373
1.1337171
1.1339774
1.1342185
1.1345359
1.1347637
1.1349213
1.1350355
1.1351963
1.1352139
1.1353805
1.1355999
1.1358105
1.1360531
1.1361424
1.1363258
1.1366447
1.1369175
1.1371537
1.1374972
1.137841
1.1384251
1.13918
1.1398425
1.1403205
1.1408427
1.1408427
1.1413039
1.141766
1.1420702
1.1422848
1.1424851
1.1425418
1.1424881
1.1423758
1.1423999
1.1424391
1.1425242
1.142619
1.1427039
1.1427753
1.1429065
1.1429834
1.1430186
1.1429659
1.1427804
1.1426067
1.1427081
1.14271
1.142742
1.1428102
1.1426669
1.1425078
1.1423774
1.142135
1.1419005
1.1417552
1.141639
1.1414573
1.1413804
1.1414107
1.1414009
1.1413478
1.1411196
1.1406822
1.1404148
1.1401262
1.1397314
1.1392353
1.13881
1.138624
1.1384588
1.1382588
1.1380529
1.1378888
1.1378888
1.1377336
1.1376927
1.137556
1.1372726
1.137029
1.1367744
1.1363977
1.1360713
1.1357651
1.1355286
1.1353128
1.1350735
1.1349374
1.1347802
1.1346928
1.1345197
1.1343608
1.134236
1.1341672
1.1341177
1.1342173
1.1343439
1.1348314
1.1354598
1.1358184
1.1362107
1.1367407
1.1370337
1.1373187
1.1377407
1.1380929
1.1383516
1.1385115
1.1384884
1.1384796
1.1383487
1.138215
1.1381931
1.1382743
1.1383057
1.1381824
1.1380317
1.13808
1.1380297
1.1380414
1.1380283
1.1379714
1.1378531
1.1378531
1.1377331
1.1377065
1.1378798
1.1380922
1.1383197
1.1384839
1.1385413
1.1385602
1.1387135
1.1389421
1.139128
1.1391757
1.1392143
1.1390936
1.1391383
1.1392027
1.1392537
1.1393175
1.1393065
1.1390982
1.1388313
1.1386651
1.1387076
1.1387243
1.1387516
1.1389977
1.1390359
1.1389892
1.1390547
1.1390727
1.1391248
1.1390886
1.1388924
1.1387755
1.1386623
1.1385351
1.1385546
1.1384448
1.1384717
1.1383504
1.1381524
1.137927
1.1377575
1.1377088
1.1378096
1.137802
1.1377062
1.1375897
1.1375897
1.1374999
1.1374987
1.1374059
1.1372899
1.1371887
1.1370664
1.1370941
1.1371975
1.137286
1.1373694
1.1374776
1.137541
1.1377095
1.1378388
1.1379147
1.1382476
1.1386403
1.1388103
1.1388267
1.1389092
1.1389993
1.1389642
1.1388816
1.1388613
1.138968
1.1391119
1.1391299
1.139112
1.139209
1.1392426
1.1390775
1.1390207
1.1388673
1.1388276
1.1387156
1.1384774
1.1381538
1.1379335
1.13792
1.1378683
1.1377386
1.1376309
1.1376499
1.137572
1.137528
1.1374209
1.1373597
1.137305
1.137305
1.1371461
1.1369168
1.1366194
1.1364992
1.1364038
1.1360894
1.13574
1.1353549
1.1348202
1.134415
1.1338874
1.1334363
1.1331134
1.1328175
1.1323636
1.1317887
1.1314082
1.1309443
1.1305536
1.1301794
1.1296997
1.1294796
1.129359
1.1293298
1.1292326
1.1292125
1.1291908
1.1292449
1.1292874
1.129367
1.1296343
1.1301525
1.1304698
1.130771
1.1310889
1.1312987
1.1314757
1.1314774
1.1314797
1.1313715
1.1312685
1.1312063
1.13116
1.1310283
1.1307784
1.1306671
1.1305977
1.13043
1.13043
1.1301497
1.1297728
1.1294066
1.128968
1.1284884
1.128024
1.1276597
1.1274989
1.1273459
1.1272157
1.1272829
1.1273985
1.127515
1.1275753
1.1276468
1.1276754
1.1279117
1.1282877
1.1286547
1.1288154
1.1290368
1.1293396
1.1296414
1.1298316
1.1298957
1.129988
1.1301723
1.1301205
1.1299703
1.1297703
1.1297127
1.1295068
1.1293586
1.1291169
1.1290437
1.1290351
1.1290457
1.1290914
1.1291558
1.1292423
1.1293004
1.129237
1.129167
1.1291583
1.1290814
1.1291533
1.1293211
1.1294982
1.1294982
1.1297086
1.129952
1.1301526
1.1303797
1.1306915
1.1311918
1.1316178
1.1318628
1.1320812
1.1321855
1.1322502
1.1322297
1.1321597
1.1320424
1.1318669
1.1317711
1.1316202
1.1314989
1.1313481
1.1313343
1.1312453
1.1309724
1.1305834
1.1302752
1.1299362
1.1296705
1.129331
1.1291008
1.1288694
1.1287891
1.1287241
1.1286217
1.1288303
1.128879
1.1287414
1.1284771
1.1283348
1.1281604
1.1279805
1.1278316
1.1277071
1.1278349
1.1279866
1.1279339
1.1277767
1.1277242
1.1276702
1.1277066
1.1277066
1.1276393
1.1277081
1.127772
1.1279097
1.1277906
1.1278217
1.1278899
1.1279532
1.1278777
1.1278839
1.1278485
1.1277878
1.127756
1.1277128
1.1275185
1.1275768
1.1274598
1.127365
1.1273582
1.1273605
1.1273983
1.1273983
1.1273499
1.1276742
1.127758
1.127822
1.1276591
1.1275414
1.1274301
1.1272484
1.1271744
1.1271335
1.1270766
1.1271828
1.1273401
1.1275495
1.1276742
1.1276212
1.1276006
1.1276231
1.1276368
1.1275523
1.1276946
1.1278341
1.1278293
1.1278471
1.1278796
1.1279191
1.1279191
1.1279761
1.1278102
1.127561
1.1273623
1.1272784
1.12723
1.1271161
1.1270223
1.1269836
1.1269494
1.1267828
1.1266668
1.1267124
1.1265631
1.1261944
1.1257521
1.1253846
1.1250893
1.1248356
1.1247212
1.124708
1.1247038
1.1247764
1.1246202
1.1244735
1.1244957
1.1245961
1.1247715
1.1248226
1.1248653
1.1247425
1.1245955
1.124656
1.1248617
1.1250191
1.1250165
1.1251394
1.1251795
1.1253295
1.1253535
1.1254545
1.1254733
1.1255443
1.1255136
1.125432
1.1256557
1.1259612
1.1262835
1.1262835
1.1265514
1.1266078
1.1266998
1.1266735
1.126687
1.126719
1.126892
1.1271175
1.127355
1.1273746
1.127459
1.1277694
1.127937
1.127977
1.1280656
1.128201
1.1284314
1.128534
1.1284808
1.128539
1.128625
1.1286451
1.1284679
1.1282398
1.1279416
1.1277088
1.1274433
1.1272314
1.1269584
1.1266768
1.1263275
1.1259332
1.1256452
1.1254538
1.1251767
1.1248379
1.1244919
1.1242418
1.1240385
1.1240838
1.1240588
1.1238699
1.1236745
1.1236242
1.1234308
1.1232284
1.1230392
1.1229585
1.1229585
1.1230208
1.1231601
1.1232427
1.1231943
1.1230301
1.1229576
1.1229478
1.1229867
1.1231233
1.1231304
1.1230621
1.1230916
1.1232946
1.1235385
1.1235946
1.1236898
1.1239102
1.1240718
1.1242241
1.1243738
1.1246148
1.12486
1.1252338
1.1255051
1.1256695
1.1259135
1.1261657
1.1263772
1.1264608
1.1264744
1.126455
1.1264486
1.1264699
1.1262373
1.1258994
1.1257511
1.125672
1.1255957
1.1254448
1.1252531
1.1253029
1.1254181
1.125475
1.1255901
1.1256886
1.1256942
1.1257064
1.1257452
1.1257452
1.1257625
1.1256392
1.1256174
1.1255786
1.1255455
1.1254363
1.1252307
1.1250739
1.1249077
1.1247232
1.1243892
1.1240578
1.1237624
1.1235358
1.1232592
1.1229755
1.1226398
1.1223114
1.1219386
1.1215497
1.1213061
1.120978
1.1205901
1.1202191
1.1198175
1.119567
1.119273
1.1191522
1.1191535
1.119324
1.1194975
1.1197286
1.1199191
1.1201973
1.1205959
1.1208897
1.1209848
1.1210253
1.1210788
1.1212211
1.1213094
1.1212628
1.1212435
1.1214191
1.1215826
1.1217822
1.1218902
1.1220096
1.1220096
1.1220659
1.1221937
1.1222692
1.1222954
1.1223289
1.122391
1.1224983
1.1226293
1.1227674
1.1228143
1.1227316
1.1226407
1.122603
1.1225989
1.122718
1.122805
1.1229182
1.123008
1.1231482
1.1233758
1.1236008
1.1238279
1.1240313
1.1241759
1.1244272
1.1246452
1.1247488
1.1248353
1.1250014
1.1252147
1.1253755
1.1255322
1.1255773
1.1256602
1.1255888
1.125547
1.1255199
1.1255573
1.1255277
1.1254711
1.1253371
1.125176
1.1251537
1.1251382
1.1250956
1.1250416
1.1250652
1.1250188
1.1250188
1.1249919
1.1249831
1.1249077
1.1247423
1.1246269
1.1245271
1.124462
1.1244603
1.1244493
1.1245272
1.1246125
1.1247684
1.1249259
1.1251566
1.1254023
1.1256187
1.1259074
1.1261567
1.1263899
1.1265558
1.1267505
1.1269851
1.127171
1.1272088
1.1271288
1.1271232
1.1270764
1.1269791
1.1268067
1.1265762
1.1263441
1.1263255
1.126262
1.1262071
1.1261592
1.1261392
1.1260377
1.1258763
1.1257112
1.1254059
1.1250949
1.1248844
1.1248983
1.1249824
1.1251723
1.1253183
1.1253949
1.1255076
1.1255076
1.1257252
1.12595
1.1261212
1.1261791
1.12621
1.1262001
1.1262876
1.1263701
1.126484
1.126567
1.1266223
1.1266626
1.1267052
1.1267321
1.1267391
1.1268188
1.1268878
1.1269093
1.1269532
1.1269433
1.1268821
1.1269099
1.1269406
1.1269083
1.1269035
1.1267986
1.1266904
1.1265796
1.1265188
1.1264929
1.1264126
1.1263056
1.1262301
1.1264049
1.1266092
1.1266842
1.1266972
1.1267433
1.126804
1.1268797
1.1269985
1.1270812
1.1270585
1.1270746
1.1270863
1.1272296
1.1273732
1.1274558
1.1274558
1.127474
1.1274716
1.1274116
1.1273283
1.1273297
1.1273794
1.1274184
1.1274383
1.1274028
1.1273166
1.1272372
1.127186
1.1271888
1.127227
1.1272596
1.1272038
1.1270804
1.1269588
1.1268578
1.1267729
1.1267228
1.1266507
1.1266004
1.1266124
1.1266882
1.1267279
1.1267711
1.12675
1.1267185
1.1266985
1.1266385
1.126566
1.12654
1.1265315
1.126583
1.1266751
1.1267676
1.126777
1.126737
1.1266612
1.1265607
1.1265244
1.1265149
1.1264834
1.1264659
1.1264642
1.1264724
1.1264744
1.1264744
1.1264955
1.126533
1.1265551
1.1265926
1.1266078
1.126624
1.1266295
1.1266619
1.1267471
1.1268057
1.1268029
1.1268077
1.1268232
1.1268483
1.1268271
1.1268035
1.1267666
1.1267016
1.1266242
1.1265955
1.1266124
1.1265973
1.12655
1.1265249
1.1264932
1.1264881
1.1264864
1.1264575
1.1264471
1.126426
1.1264467
1.1264347
1.1263748
1.1263483
1.1263019
1.1262895
1.1262718
1.126262
1.1262321
1.1262425
1.1262184
1.12618
1.1261601
1.1261166
1.126098
1.1261501
1.1261889
1.1261643
1.1261643
1.1261542
1.1261293
1.1261256
1.1261183
1.1261867
1.1262604
1.1263381
1.1264046
1.1265019
1.1266056
1.1266482
1.1266599
1.1266035
1.1265515
1.1265103
1.1265099
1.126536
1.1265833
1.1266333
1.1266824
1.1266828
1.1266934
1.1267146
1.1267606
1.126766
1.1267525
1.1267506
1.1267151
1.1266297
1.1265457
1.1264621
1.1264153
1.126437
1.126475
1.1264753
1.1265105
1.1265446
1.1265886
1.1266134
1.1266361
1.1266333
1.1266177
1.126582
1.1265554
1.1265084
1.1264747
1.1264684
1.1264668
1.1264668
1.1264638
1.1264554
1.1264143
1.1263757
1.1263429
1.1262993
1.126292
1.1263328
1.126373
1.1264334
1.1264803
1.1265147
1.1265423
1.1266009
1.1266347
1.1266327
1.1265968
1.12658
1.1265703
1.1265653
1.1265458
1.1265447
1.1265556
1.1265509
1.1265479
1.126551
1.1265829
1.1266049
1.1266257
1.1266646
1.1267277
1.1267853
1.1268241
1.1268432
1.1268697
1.1269015
1.1269251
1.1269644
1.1269878
1.1270021
1.1270308
1.1270843
1.1271114
1.1271648
1.127197
1.1271945
1.1272072
1.1272231
1.1272231
1.1272212
1.1272235
1.127233
1.1272478
1.1272576
1.1272666
1.1272701
1.1272526
1.1272124
1.1271923
1.1271741
1.1271617
1.127153
1.1271608
1.127183
1.1272166
1.1272452
1.1272649
1.1272786
1.1272984
1.1273236
1.1273463
1.1273564
1.1273521
1.1273459
1.1273438
1.1273402
1.1273171
1.1272987
1.1272755
1.1272581
1.1272522
1.1272457
1.1272305
1.1272297
1.1272236
1.1272142
1.1272061
1.1271954
1.1271815
1.1271739
1.1271609
1.127158
1.1271569
1.1271619
1.1271645
1.1271759
1.1271861
1.736702
