2.0
1.999999
2.0000396
2.0002835
2.0007758
2.0013678
2.0020304
2.002645
2.0033767
2.004168
2.0049663
2.0056832
2.0064633
2.0073094
2.00811
2.0089734
2.0097797
2.0106246
2.0115314
2.012495
2.013502
2.0143683
2.0152178
2.0158672
2.016639
2.0173275
2.0181503
2.0186214
2.0185306
2.0185387
2.0183084
2.017875
2.017309
2.0167968
2.0162067
2.0157428
2.015236
2.014838
2.0144641
2.0141675
2.0139039
2.013659
2.0135827
2.0135906
2.0136855
2.0138102
2.013895
2.0138743
2.0138807
2.0138807
2.0139875
2.0139744
2.013897
2.013797
2.0137546
2.013943
2.0141559
2.0143702
2.0144176
2.0143363
2.0141618
2.013772
2.013333
2.0129223
2.0125139
2.0121915
2.0118086
2.0114322
2.0113
2.0112293
2.0111208
2.0112474
2.0113387
2.0114005
2.0113895
2.0114055
2.011356
2.0113134
2.011205
2.0110955
2.0109987
2.010926
2.0107906
2.010632
2.0105193
2.0103426
2.0101671
2.010074
2.0099592
2.0099013
2.0098307
2.0097783
2.0096757
2.0094972
2.0091596
2.0086815
2.0080118
2.0073361
2.0073361
2.0065897
2.0057483
2.004551
2.0032513
2.0017776
2.0002499
1.998582
1.9968694
1.9950383
1.9931285
1.9911295
1.9890667
1.9869466
1.984777
1.9826331
1.9804469
1.9783225
1.9761622
1.973968
1.9717396
1.9694723
1.9672022
1.9649452
1.9627627
1.9606107
1.9584
1.9562433
1.9540381
1.9518656
1.9496504
1.9474949
1.9453431
1.9432693
1.9411176
1.9389689
1.9368453
1.934722
1.9325268
1.9302652
1.9280251
1.9257549
1.9234465
1.9211409
1.9187727
1.9163812
1.91409
1.9118204
1.9095638
1.9095638
1.9072759
1.9049366
1.902533
1.900245
1.8979899
1.8956867
1.8933115
1.8909473
1.8886789
1.8863448
1.8839855
1.8816347
1.8793087
1.8769076
1.8744732
1.8720621
1.8696963
1.8673137
1.8649613
1.862634
1.8602991
1.858031
1.8557572
1.8535104
1.8513359
1.8492017
1.8471093
1.8449668
1.8428175
1.8406816
1.8385118
1.8363391
1.8342723
1.8321882
1.830152
1.8281735
1.8261211
1.8240864
1.8220689
1.82002
1.8179362
1.815816
1.8137285
1.81169
1.8096969
1.807697
1.8057243
1.8037064
1.8037064
1.8017168
1.7997918
1.7978563
1.795865
1.7938555
1.7918164
1.789806
1.7877462
1.7856498
1.7834849
1.781322
1.7790068
1.7766747
1.774469
1.7723747
1.7703598
1.7684587
1.7665434
1.7646583
1.7628523
1.7610202
1.75924
1.7574034
1.7555157
1.7537127
1.7519382
1.7502143
1.7483749
1.7465554
1.7447801
1.742921
1.7410836
1.7392995
1.7375
1.7356913
1.7338796
1.732028
1.7302091
1.7283049
1.7264265
1.7245047
1.7225431
1.7206565
1.7187665
1.716936
1.7151737
1.713451
1.7117623
1.7117623
1.7100055
1.708314
1.7065785
1.7048824
1.7031645
1.701406
1.699656
1.6978493
1.6960677
1.6943213
1.6926119
1.6908258
1.6891067
1.6874753
1.6858867
1.6842738
1.6826823
1.6811806
1.6797626
1.6783135
1.6767465
1.6750875
1.673412
1.6717349
1.6700219
1.6683593
1.6667267
1.6650879
1.6634399
1.6618292
1.6602752
1.6586791
1.6570781
1.655505
1.653932
1.6523136
1.650723
1.649141
1.6475518
1.6460075
1.6444875
1.6429195
1.6411422
1.6393118
1.6374403
1.6355621
1.6336346
1.6317544
1.6317544
1.6299456
1.6281544
1.6263884
1.6246864
1.6229796
1.6212513
1.6195449
1.6179202
1.6162626
1.6146277
1.6129642
1.6113052
1.6096778
1.6080232
1.6064057
1.604791
1.6031808
1.6015344
1.5999045
1.5982571
1.5966378
1.5950083
1.5933774
1.5918638
1.5904055
1.5889487
1.5874842
1.5859689
1.5844214
1.582886
1.5814077
1.5798802
1.5783741
1.5768054
1.5752716
1.5737337
1.572215
1.5706463
1.56917
1.5676718
1.5661238
1.5644984
1.5628949
1.5613873
1.5599316
1.5584325
1.5569309
1.555482
1.555482
1.5540203
1.5526024
1.551142
1.5496745
1.548164
1.5467153
1.5451839
1.5437039
1.5422657
1.5408816
1.5395403
1.5381483
1.5367728
1.5353342
1.5337819
1.5322416
1.5307716
1.5293465
1.5279815
1.5266548
1.52534
1.5238962
1.5224358
1.5209504
1.5194385
1.517951
1.516436
1.5149497
1.5134892
1.5120397
1.5106087
1.5092775
1.5079273
1.5066066
1.5052823
1.504051
1.5027804
1.5014639
1.5001063
1.4987239
1.4973261
1.4958969
1.494494
1.4930819
1.4915972
1.4900836
1.4885576
1.4871086
1.4871086
1.4856672
1.4843229
1.4830154
1.4816993
1.4803948
1.4791303
1.4778812
1.4766587
1.4754133
1.4741627
1.4729476
1.471609
1.4703156
1.4689769
1.4676648
1.4662609
1.4649045
1.4635594
1.4622049
1.460984
1.459793
1.4586005
1.4573759
1.4561749
1.4549091
1.4536544
1.4523572
1.4511142
1.449958
1.448826
1.4476458
1.4464637
1.4452423
1.4440044
1.4427581
1.4415616
1.4404039
1.4392821
1.4381536
1.4370611
1.4360906
1.4351774
1.4342761
1.4332496
1.4322324
1.4310957
1.4299393
1.4287292
1.4287292
1.4274843
1.4262627
1.4250785
1.4239558
1.4229119
1.4219122
1.420924
1.419914
1.4188614
1.4177479
1.4167398
1.4157456
1.4147965
1.4138919
1.4129767
1.4120836
1.4111665
1.4102696
1.4093082
1.4083713
1.4074069
1.406478
1.405413
1.4043071
1.4030999
1.4019089
1.4007227
1.3995515
1.3983754
1.3972487
1.3961617
1.3950624
1.3941367
1.3932678
1.3924342
1.3916454
1.3909267
1.3901767
1.3893484
1.3883939
1.387383
1.3864403
1.3854921
1.3846213
1.3837789
1.382962
1.3821375
1.3812964
1.3812964
1.3804829
1.3796401
1.3787352
1.3777996
1.3768059
1.375771
1.3747315
1.3736879
1.3728136
1.3718665
1.370994
1.3699144
1.3689474
1.3680044
1.3671762
1.3662034
1.3652045
1.364301
1.3634543
1.3627162
1.3619981
1.3613337
1.3606366
1.3598481
1.3590833
1.3585159
1.3579828
1.3574611
1.3569332
1.3563801
1.3558255
1.3553294
1.354739
1.3540905
1.3534448
1.3528033
1.3522165
1.3516796
1.3510793
1.350474
1.3498333
1.3491459
1.3482987
1.3474032
1.3465999
1.3458688
1.3453678
1.345079
1.345079
1.3447334
1.344342
1.3438039
1.3432854
1.3427651
1.3422048
1.3416563
1.3411216
1.3405025
1.3399019
1.3393481
1.3388697
1.3383579
1.3378338
1.3373979
1.3370131
1.3365808
1.3361447
1.3355907
1.3349874
1.3343844
1.3338109
1.333319
1.3327194
1.3321211
1.3314917
1.3308252
1.3302104
1.3296611
1.329196
1.328732
1.328237
1.3277763
1.3272967
1.3267645
1.3262131
1.3256137
1.3250403
1.3245833
1.3240032
1.3234493
1.3228706
1.3223331
1.3216892
1.3209753
1.3202423
1.3195986
1.3187783
1.3187783
1.317905
1.317019
1.3161296
1.3153198
1.3145472
1.3137833
1.3130853
1.3124367
1.3117667
1.3111086
1.3105023
1.3098605
1.3091235
1.3085382
1.3080616
1.3076142
1.3072097
1.3067725
1.3063225
1.3058594
1.3054105
1.3050097
1.3045176
1.3039345
1.3033032
1.3027422
1.3022665
1.3017817
1.3013484
1.3009396
1.3005351
1.300229
1.2999048
1.2994324
1.2988698
1.2982342
1.2976494
1.297091
1.2965602
1.2960321
1.2957007
1.2951705
1.29467
1.2943364
1.2940687
1.2937884
1.2936467
1.2934166
1.2934166
1.2931156
1.2928628
1.2926143
1.2923474
1.2918732
1.2913948
1.2908034
1.2903066
1.2898563
1.2894598
1.2889259
1.2885551
1.2882934
1.2879379
1.2875001
1.2869538
1.2866402
1.2864013
1.2861085
1.2856963
1.285329
1.2849257
1.2844509
1.2839336
1.2833636
1.2826985
1.2820518
1.2814385
1.2809274
1.2805076
1.2800885
1.2796292
1.2792313
1.2788172
1.2784166
1.2781491
1.2778686
1.2778091
1.2775589
1.2771873
1.276924
1.2766525
1.2762821
1.2758559
1.2754431
1.2751589
1.2748935
1.2746117
1.2746117
1.27415
1.2736808
1.2731795
1.2728541
1.2725054
1.2721227
1.2716968
1.2712094
1.2706578
1.2701925
1.2697417
1.2691915
1.2685881
1.267972
1.2674255
1.2669204
1.2663585
1.2658234
1.2653598
1.2649282
1.2645518
1.2641563
1.2636623
1.2631224
1.2626694
1.2621831
1.2616602
1.2612453
1.2609079
1.2605594
1.2602915
1.2600305
1.2596564
1.2592101
1.2587587
1.2583401
1.258136
1.2577504
1.2572165
1.2568347
1.2564554
1.2561731
1.255729
1.2551004
1.2544429
1.253698
1.2531503
1.2525166
1.2525166
1.2519805
1.2513986
1.2507192
1.2499437
1.2493006
1.2487327
1.2483621
1.2479669
1.247526
1.2471417
1.2468292
1.2466164
1.2461758
1.2455251
1.2448525
1.2443115
1.2439197
1.2436559
1.2433708
1.2429895
1.2426251
1.2424021
1.2421665
1.2418832
1.2415768
1.2412891
1.2410861
1.2409145
1.2407686
1.240614
1.2404454
1.2401501
1.2397798
1.2394787
1.2392673
1.239215
1.2390231
1.2387093
1.2384018
1.2380108
1.2376419
1.237414
1.2373259
1.237384
1.23739
1.2376258
1.23799
1.2384048
1.2384048
1.2386044
1.2386715
1.238762
1.238919
1.2390585
1.2391891
1.2393769
1.2393886
1.2393854
1.2393799
1.2392532
1.239157
1.2391951
1.2391169
1.2390168
1.2388899
1.2388866
1.2389271
1.2388899
1.2390093
1.2390853
1.2392081
1.239374
1.2395446
1.239466
1.2393025
1.2391663
1.239026
1.2388803
1.2386496
1.2383378
1.2381198
1.2379785
1.237765
1.2374403
1.2372634
1.2371848
1.2371435
1.2370794
1.2368362
1.2365828
1.2363704
1.2362099
1.2359443
1.2354951
1.2350943
1.2347232
1.2343711
1.2343711
1.2340828
1.2339821
1.2338642
1.2338873
1.2339514
1.2339166
1.2338053
1.233614
1.2336042
1.2336824
1.2336619
1.233336
1.2331533
1.2333298
1.2334878
1.2336173
1.2335083
1.2333345
1.2333127
1.2332793
1.2332505
1.2329974
1.2325966
1.2322925
1.2321056
1.2319076
1.2315607
1.2312483
1.2310213
1.2309369
1.2311112
1.2311549
1.2309835
1.2308935
1.230794
1.2306197
1.2303449
1.2299788
1.2294537
1.2291559
1.2289301
1.2287692
1.2284886
1.2280514
1.2276376
1.2273517
1.2272371
1.2271105
1.2271105
1.226961
1.2267128
1.2264285
1.2262374
1.2261354
1.2261784
1.2259855
1.2258357
1.2257305
1.2258128
1.2259004
1.2260158
1.2258176
1.2255867
1.2255342
1.2254773
1.2254258
1.2252133
1.2248791
1.2244731
1.2240368
1.2236542
1.223126
1.2226503
1.2224097
1.2222744
1.2221689
1.2218294
1.2214314
1.2210402
1.2208196
1.2208244
1.2207791
1.2205529
1.2204844
1.220479
1.2206315
1.2204659
1.2203428
1.2201935
1.2201096
1.2201519
1.2202036
1.2201946
1.2200922
1.2198519
1.2195891
1.2191917
1.2191917
1.2184205
1.2175453
1.2168423
1.2164395
1.2160354
1.215566
1.2150661
1.2143841
1.213833
1.2134013
1.2131147
1.2128451
1.2123885
1.2119347
1.211748
1.2116915
1.2115873
1.211416
1.2113776
1.211502
1.2114799
1.2114482
1.211244
1.2108746
1.2103548
1.2098217
1.2093812
1.2090462
1.2086669
1.2080499
1.2073616
1.2067456
1.2063926
1.2060636
1.2057776
1.2054427
1.2053332
1.2052165
1.2050294
1.204704
1.20408
1.2033534
1.2030059
1.2027677
1.202592
1.2024733
1.2025064
1.2024882
1.2024882
1.202434
1.2020782
1.2015779
1.2012377
1.2012305
1.2015288
1.2017792
1.2020271
1.2022625
1.2023515
1.2022297
1.2019722
1.2017168
1.2014201
1.201109
1.2008103
1.2003908
1.2001944
1.2003299
1.2004147
1.2006044
1.2007836
1.2010897
1.2012109
1.2012612
1.201173
1.2009864
1.2007737
1.2005945
1.2003239
1.2000597
1.1997789
1.1994549
1.1991537
1.1991469
1.1989672
1.1987805
1.198525
1.1982732
1.1979264
1.1975199
1.1972269
1.1970563
1.1968418
1.1969903
1.1972003
1.1973277
1.1974843
1.1974843
1.197625
1.1979287
1.1979896
1.1978875
1.1980293
1.1982257
1.1983917
1.1985433
1.1988592
1.1991137
1.1994127
1.1996976
1.2000177
1.2004048
1.2007446
1.2010697
1.2014209
1.2015277
1.2017883
1.2020298
1.202333
1.2023063
1.202338
1.202353
1.2022506
1.2021631
1.202019
1.2016795
1.2013444
1.2009773
1.2006731
1.2003835
1.2004012
1.2006814
1.2006106
1.2006211
1.200852
1.2010334
1.2010622
1.2008497
1.2005504
1.2000797
1.1996293
1.1994616
1.1997931
1.2000163
1.1999723
1.199858
1.199858
1.2000923
1.2000219
1.1997225
1.1995908
1.1997367
1.1999685
1.1997796
1.1994808
1.1989505
1.1985072
1.1981558
1.1981012
1.1979798
1.1977372
1.1972642
1.1967565
1.1962979
1.196186
1.1961609
1.1959783
1.1957514
1.1952823
1.1953498
1.1953874
1.1954691
1.1957316
1.1960258
1.1961594
1.1960322
1.1959465
1.196175
1.1962852
1.1963778
1.1967049
1.197018
1.1973531
1.1973904
1.1973212
1.1972018
1.1970998
1.1971095
1.1970218
1.1971048
1.1969103
1.1967561
1.1966721
1.1967361
1.1968784
1.1968784
1.1970142
1.1969578
1.197055
1.1973037
1.1974033
1.197465
1.1977282
1.1980972
1.198461
1.1987413
1.1990219
1.199088
1.1989208
1.1986344
1.1985488
1.198599
1.1985834
1.1986997
1.19885
1.1987762
1.1985753
1.1984317
1.198481
1.1986947
1.1987796
1.1989685
1.1992164
1.1993632
1.1995171
1.1996933
1.2002628
1.2007418
1.2008748
1.2012279
1.2017885
1.2020772
1.202197
1.202242
1.2021357
1.2021654
1.202287
1.2024006
1.2026494
1.2029527
1.2030814
1.2030765
1.2030898
1.2032219
1.2032219
1.2034421
1.2035153
1.2035514
1.2035301
1.2034476
1.2032146
1.202956
1.202579
1.2021573
1.2017305
1.2011596
1.2007662
1.200485
1.2001319
1.1997414
1.1994452
1.1992825
1.1990141
1.1985823
1.198159
1.1977518
1.1973432
1.1967092
1.1958392
1.1952618
1.1949332
1.1946347
1.1942552
1.1939982
1.1937456
1.1936078
1.1934136
1.193021
1.1926087
1.1922513
1.1919279
1.1915834
1.1913022
1.1911671
1.1911644
1.1913457
1.1917306
1.1926004
1.1937783
1.1946911
1.1955041
1.1960291
1.1962755
1.1962755
1.1963514
1.1964982
1.1967149
1.1968176
1.1969236
1.196845
1.1968601
1.1967689
1.1967139
1.1969357
1.1973271
1.1974989
1.1973451
1.1971287
1.1971174
1.1969279
1.1964576
1.1961707
1.196454
1.1964997
1.1965286
1.1966321
1.1967529
1.1967269
1.1964842
1.196197
1.1962887
1.1963823
1.1963599
1.1964829
1.1967589
1.1968555
1.196806
1.1967759
1.1965584
1.1966219
1.1965029
1.1963024
1.1960258
1.1957971
1.19566
1.1953851
1.1950746
1.1948665
1.1948853
1.1948382
1.1948434
1.1949399
1.1949399
1.1951016
1.1951524
1.1949096
1.1946081
1.1944647
1.1943789
1.194267
1.19408
1.194085
1.1941286
1.1941372
1.1942023
1.1943839
1.1946168
1.1947422
1.1947873
1.1947595
1.1945809
1.1945703
1.1947984
1.1950265
1.1950415
1.1950438
1.194995
1.1949972
1.194983
1.1949848
1.1950043
1.19509
1.1951826
1.1952122
1.1952345
1.1954031
1.1954358
1.19539
1.1953892
1.1955969
1.1956718
1.1956252
1.1954967
1.1955293
1.1955229
1.1952578
1.1949396
1.1948086
1.1947653
1.1946079
1.1942818
1.1942818
1.1941535
1.1941502
1.1943015
1.1945347
1.1947837
1.1950108
1.1950644
1.1948986
1.1947188
1.1948729
1.1950302
1.1949185
1.1948239
1.1948721
1.1949713
1.1948982
1.1949313
1.1950717
1.1952019
1.1952834
1.1953454
1.19544
1.1954592
1.1953455
1.1953154
1.195473
1.1957065
1.1958195
1.1959203
1.1959711
1.196022
1.196255
1.1965749
1.1968181
1.1971449
1.1974977
1.1976228
1.1976527
1.1976596
1.1977228
1.1978352
1.1979247
1.1979885
1.1978563
1.1978251
1.1977875
1.1978831
1.198147
1.198147
1.1983402
1.1986642
1.199057
1.1994754
1.1998111
1.2000031
1.2000844
1.2001774
1.2004595
1.2005316
1.2006887
1.2008945
1.201282
1.2014239
1.2015002
1.2016958
1.2021524
1.2024981
1.2026429
1.2028592
1.2031235
1.2033592
1.2035607
1.2035432
1.2036505
1.2039363
1.2042117
1.2045496
1.2049592
1.2052867
1.2055814
1.2055783
1.2053895
1.2054293
1.2054452
1.2054498
1.205532
1.2056304
1.205727
1.2057832
1.2058784
1.2059649
1.2059482
1.2058672
1.205707
1.2055947
1.2054774
1.2054044
1.2054044
1.2055699
1.2056012
1.205398
1.2053047
1.205273
1.2051833
1.2050779
1.2049308
1.2049158
1.204983
1.2048488
1.2046572
1.2044957
1.2043325
1.2042266
1.2039087
1.2036192
1.2034645
1.2031986
1.2028376
1.202817
1.2027698
1.2028204
1.2028493
1.2027513
1.2026666
1.2029386
1.2031871
1.2034117
1.2035918
1.2039944
1.2042515
1.2042639
1.2040926
1.2038999
1.2035761
1.2032197
1.2028362
1.2027171
1.2024336
1.2021365
1.2018085
1.2014451
1.2012328
1.201167
1.201079
1.201107
1.2011741
1.2011741
1.2014248
1.2015746
1.2017796
1.2021604
1.2024617
1.2026875
1.2028053
1.2029444
1.2029558
1.2028745
1.2029082
1.2027854
1.2025825
1.2025443
1.2026478
1.2026173
1.2024907
1.2023698
1.2022585
1.2020459
1.2016718
1.2012082
1.2007823
1.2004157
1.199906
1.1996316
1.199386
1.1991122
1.1986724
1.1983043
1.1981149
1.1979464
1.1977315
1.1974655
1.1972225
1.1972667
1.1973144
1.1977575
1.198191
1.198586
1.1990649
1.1993446
1.1995105
1.19958
1.1996859
1.1998202
1.1999147
1.20002
1.20002
1.2000717
1.2002819
1.2006131
1.2010704
1.2015789
1.2018545
1.2022364
1.2027318
1.2029867
1.2030101
1.2030991
1.203416
1.203586
1.2036439
1.2037498
1.2039297
1.2041122
1.2039825
1.2039096
1.203841
1.2037961
1.2036356
1.2033614
1.2034297
1.2035972
1.2037886
1.2039334
1.2042798
1.2046468
1.2050334
1.205309
1.2053807
1.2053769
1.2054024
1.2053055
1.2051741
1.2051233
1.2051046
1.2051108
1.2050904
1.2052304
1.2056203
1.2059238
1.2060182
1.2058197
1.2058015
1.2057586
1.2059013
1.2059013
1.206154
1.2063645
1.20654
1.2066373
1.2067329
1.206682
1.2067355
1.206924
1.207021
1.207152
1.2073305
1.2073234
1.2072028
1.2069632
1.2070531
1.2070961
1.2070692
1.2069737
1.2068031
1.2067943
1.2068073
1.2069321
1.2069645
1.2069283
1.2069744
1.2071736
1.2073766
1.2074797
1.2076187
1.2075831
1.2074931
1.2074167
1.2075174
1.2077518
1.207956
1.2081753
1.2083946
1.2086418
1.2088317
1.208889
1.2088693
1.2089198
1.2088228
1.2084794
1.2083838
1.2082446
1.2080342
1.2079004
1.2079004
1.2077303
1.2076415
1.2075388
1.2073063
1.2071573
1.2071028
1.2071391
1.2070656
1.2070405
1.2070473
1.207173
1.2071928
1.2070668
1.206896
1.2067451
1.2065316
1.2062346
1.206044
1.205964
1.2060652
1.2061176
1.2061837
1.2062631
1.2063788
1.2064933
1.2066517
1.2068301
1.2071172
1.2071422
1.2068939
1.2067405
1.2067723
1.2067122
1.2064137
1.2060145
1.2059375
1.2058934
1.2056496
1.2052679
1.2050542
1.2049755
1.2048268
1.2044319
1.2040526
1.2036928
1.203361
1.2030655
1.202535
1.202535
1.2019911
1.2015045
1.2010791
1.2006071
1.200232
1.1999906
1.1999567
1.199806
1.1995558
1.1991147
1.1988622
1.1988311
1.198901
1.1989185
1.1989275
1.198819
1.1987764
1.1986222
1.198579
1.1986442
1.1988902
1.1988413
1.1987066
1.1986094
1.1984613
1.1981813
1.1979718
1.1980866
1.1982476
1.1983992
1.1985582
1.1987195
1.19885
1.1988844
1.1987225
1.1987011
1.1989052
1.1990077
1.1990314
1.1992224
1.1993707
1.1994494
1.1993626
1.1991473
1.1989079
1.1987805
1.1985558
1.1982461
1.1982461
1.1978854
1.1974816
1.1972227
1.1969026
1.1967415
1.1966817
1.196815
1.1969352
1.1969332
1.1968938
1.197011
1.1971546
1.1973512
1.19754
1.1977435
1.1979743
1.1981803
1.1984242
1.1986643
1.1988448
1.1989367
1.1988062
1.1989709
1.1992015
1.1991904
1.1990746
1.19893
1.1987655
1.1987277
1.1986371
1.19858
1.1985859
1.1987419
1.1988698
1.198865
1.1988041
1.1988415
1.1988145
1.1988242
1.1986452
1.1985266
1.1982985
1.1981968
1.1981356
1.1981305
1.1981139
1.1980635
1.1980078
1.1980078
1.19788
1.197766
1.19809
1.1983454
1.1985704
1.1987809
1.1991513
1.1993146
1.1994514
1.199454
1.199497
1.1995877
1.1996918
1.1996543
1.1998616
1.2001046
1.2003412
1.2004066
1.2003219
1.2003413
1.2003447
1.2001089
1.1999745
1.2000204
1.2001412
1.2001154
1.2000674
1.1999954
1.1999975
1.1999496
1.1997513
1.1995734
1.1994725
1.1994618
1.1995146
1.1993974
1.1994869
1.1994953
1.1995271
1.1997162
1.1998012
1.1996471
1.1995128
1.1994697
1.1992892
1.1990899
1.199054
1.1990075
1.1990075
1.19894
1.1987554
1.1985639
1.1984918
1.1984725
1.1983948
1.1983232
1.1983585
1.1982316
1.1980875
1.1978164
1.1975229
1.1973577
1.1973768
1.1973305
1.1973232
1.1973268
1.1973231
1.1972198
1.1971114
1.1970862
1.1971227
1.197126
1.1969837
1.1967155
1.196516
1.1963471
1.1961724
1.1959206
1.1955615
1.1952227
1.194937
1.1946503
1.194474
1.1943052
1.1941828
1.1940372
1.1938797
1.1938108
1.193944
1.1940628
1.194189
1.1942
1.1942716
1.1942289
1.1941406
1.1942064
1.1943852
1.1943852
1.1944724
1.1945255
1.194543
1.194404
1.1942159
1.1941196
1.1944708
1.1949866
1.1952832
1.1954005
1.1955198
1.1957948
1.195791
1.1956344
1.1954272
1.1953868
1.1954474
1.1953075
1.1950526
1.1948295
1.1948395
1.1948792
1.1948463
1.1947339
1.1949459
1.1950974
1.195217
1.1952754
1.1953232
1.1953499
1.1954201
1.1953621
1.1952187
1.1950928
1.1951206
1.195155
1.1951066
1.1949675
1.1949551
1.1949403
1.1948632
1.1947575
1.1946734
1.1945817
1.1944693
1.1943569
1.1942339
1.1943567
1.1943567
1.1944925
1.1945449
1.1945097
1.1943488
1.1941835
1.1940315
1.1938099
1.193527
1.19326
1.1930362
1.1929746
1.1928875
1.1927927
1.1927863
1.1926087
1.1925546
1.1926157
1.1926022
1.1925794
1.1925082
1.1925163
1.1924056
1.1921893
1.1920627
1.1920732
1.191944
1.1917806
1.1915079
1.191283
1.1909652
1.190778
1.1905774
1.1904491
1.1904128
1.1904801
1.190461
1.1905808
1.1904603
1.1903225
1.1902428
1.1899775
1.1896431
1.1894614
1.1893783
1.1891706
1.1890411
1.188931
1.1887574
1.1887574
1.1887383
1.1887242
1.1887892
1.1887726
1.1887925
1.1888982
1.1894368
1.1898996
1.1902882
1.1906596
1.1909384
1.1912671
1.1914935
1.1917105
1.1919686
1.1920764
1.1924359
1.192612
1.1929158
1.1932237
1.1936253
1.1938939
1.1943234
1.1947361
1.1950576
1.1954657
1.1958787
1.1960733
1.1962377
1.1964478
1.196675
1.1967899
1.1969789
1.1971703
1.197385
1.1975825
1.1975158
1.1973922
1.1973668
1.1972566
1.1971612
1.1972126
1.1976457
1.1979299
1.1981784
1.1983309
1.1984339
1.1984969
1.1984969
1.1985335
1.1986445
1.1986601
1.1985765
1.1985239
1.1986271
1.1986854
1.1985551
1.1985745
1.1986356
1.1987236
1.198809
1.1987187
1.1986897
1.1987034
1.1987646
1.1987791
1.1985934
1.1984798
1.1984546
1.1984901
1.1986057
1.1986783
1.1989348
1.1992494
1.1994064
1.1995517
1.1995503
1.1997617
1.1998959
1.1999893
1.2001088
1.2001661
1.2002743
1.2003491
1.2003483
1.2002084
1.2000045
1.199857
1.1996862
1.1995991
1.1996075
1.1994786
1.1992829
1.1991556
1.1991137
1.1990207
1.1990899
1.1990899
1.1989757
1.1988386
1.1988759
1.1988735
1.1987046
1.1985601
1.1985409
1.1985091
1.1986169
1.1985801
1.198504
1.1984824
1.1984704
1.1983672
1.1982285
1.1980826
1.1980172
1.1978341
1.1976708
1.1973363
1.1969749
1.1967058
1.1965412
1.1964015
1.196225
1.1960902
1.1960921
1.1961615
1.19623
1.1963593
1.1964829
1.1964939
1.1966093
1.1966454
1.1967658
1.196851
1.1969998
1.1971524
1.1971772
1.197159
1.197147
1.1972977
1.1975248
1.1976359
1.1978607
1.1981968
1.1984602
1.1986909
1.1986909
1.1989344
1.1990943
1.1991713
1.1992404
1.1992185
1.1991856
1.1990904
1.1990798
1.1990337
1.19894
1.1988069
1.198654
1.198449
1.1983514
1.1983236
1.1982303
1.1981186
1.1981213
1.1981403
1.1981328
1.1980586
1.1980515
1.1980686
1.1980174
1.1979879
1.1979464
1.19789
1.1979119
1.197952
1.1980861
1.1982226
1.1982931
1.1983619
1.1984217
1.1985276
1.1987473
1.1989219
1.1990045
1.1990968
1.1992034
1.1991944
1.1992661
1.1992342
1.1991513
1.1993253
1.1994344
1.1994962
1.1994946
1.1994946
1.1994547
1.1994923
1.1994305
1.1992854
1.1991838
1.1990489
1.1989843
1.1988457
1.1986438
1.1985189
1.1984186
1.1983167
1.198291
1.1982003
1.1980513
1.1979023
1.1977876
1.197725
1.1977637
1.1977407
1.1977007
1.1976664
1.1977464
1.1978346
1.1979111
1.1979302
1.1978863
1.1978136
1.1977004
1.1976984
1.1976086
1.1975155
1.1973879
1.197299
1.1971893
1.1970316
1.1968206
1.1966434
1.1964425
1.1963294
1.196306
1.1963613
1.1962777
1.1961437
1.1959802
1.1958847
1.1958522
1.1959026
1.1959026
1.1958972
1.1959097
1.1959425
1.1960578
1.1960951
1.1960752
1.1959741
1.1958402
1.1957384
1.1957496
1.1957581
1.1957273
1.1956891
1.1955733
1.1955198
1.1955024
1.1954257
1.195379
1.1953743
1.1953423
1.1953372
1.1953664
1.1954068
1.1954613
1.1954838
1.1954739
1.1954433
1.1954565
1.1955919
1.1955866
1.1955221
1.195395
1.195199
1.1950572
1.194818
1.1946214
1.1944082
1.1942521
1.1941736
1.1941596
1.1941904
1.1942089
1.1942616
1.1943673
1.1944681
1.1945915
1.1947091
1.194807
1.194807
1.1948454
1.1949288
1.1949613
1.1949387
1.1948315
1.1947432
1.1946087
1.194497
1.1943496
1.1942042
1.1941345
1.1941041
1.1940687
1.1940517
1.1941001
1.1941996
1.1942664
1.1943148
1.1943221
1.1942995
1.1942968
1.1943337
1.1943376
1.1942674
1.1941601
1.1940018
1.1939055
1.1938189
1.1937729
1.193736
1.1936718
1.1937158
1.1939708
1.1941234
1.1942137
1.1943284
1.194452
1.1944969
1.1945162
1.1945423
1.1946393
1.1946955
1.1946696
1.1946718
1.1946586
1.1946852
1.1947504
1.1947365
1.1947365
1.1946517
1.1945798
1.1945488
1.1945821
1.194692
1.1947966
1.1948538
1.1948715
1.1948966
1.1949089
1.1949162
1.1949096
1.1948417
1.1947434
1.1946455
1.1945754
1.1945536
1.1946049
1.1947026
1.194812
1.1949068
1.195006
1.195165
1.195364
1.1955477
1.1956927
1.195813
1.1959403
1.1960683
1.1962242
1.1963494
1.1964254
1.1964872
1.1964883
1.196532
1.1966138
1.1967435
1.1968068
1.1968482
1.1968457
1.1968868
1.1969877
1.1970732
1.1971056
1.1971321
1.1972318
1.1972909
1.1973308
1.1973308
1.19741
1.197457
1.1974581
1.197457
1.1974458
1.1974158
1.1974134
1.1974406
1.1974859
1.1975844
1.1976597
1.1977196
1.1977742
1.1977922
1.1977593
1.197729
1.1976627
1.1976088
1.1975893
1.1975756
1.1975441
1.1974905
1.1974225
1.1974086
1.1974213
1.1974155
1.1974581
1.1974877
1.1975255
1.1975533
1.197569
1.197595
1.197624
1.1976359
1.1976482
1.1976589
1.1976682
1.1976532
1.1976305
1.1975695
1.1974868
1.1973572
1.1972606
1.1971854
1.1970834
1.1970016
1.1969457
1.1969695
1.1969695
1.1969699
1.1969801
1.19696
1.1969346
1.1969247
1.1969714
1.1969877
1.1970234
1.1970612
1.1970994
1.1971247
1.1971132
1.1970578
1.1970077
1.1969575
1.196937
1.1969323
1.1969224
1.196927
1.1969131
1.1968881
1.1968536
1.1968353
1.1968336
1.1968547
1.1968634
1.1968586
1.1968877
1.1969026
1.1969113
1.1969491
1.196988
1.1970156
1.1970273
1.1970395
1.1970502
1.1970437
1.1970534
1.1970816
1.1971151
1.1971401
1.1972007
1.1972479
1.1972879
1.1972992
1.1973019
1.1972978
1.1972972
1.1972972
1.1972954
1.197288
1.1972826
1.1972795
1.1972777
1.1972752
1.1972883
1.1972891
1.1972867
1.1972725
1.197246
1.1972243
1.1972091
1.1972001
1.1971779
1.1971644
1.1971543
1.1971551
1.1971536
1.1971327
1.197116
1.1970989
1.1970767
1.197051
1.1970319
1.1970133
1.1969817
1.1969589
1.196933
1.1969124
1.1968954
1.1968827
1.196868
1.1968583
1.1968375
1.1968153
1.1968048
1.1967936
1.1967745
1.1967415
1.1966985
1.1966681
1.1966314
1.1966023
1.1965699
1.1965418
1.1965199
1.196492
1.2191917
