1.0
1.0000148
0.99981177
0.9992201
0.9985566
0.9979428
0.9972446
0.9964706
0.99569595
0.9948974
0.9941758
0.9934273
0.9926926
0.9918748
0.9910344
0.99014455
0.9892854
0.98836344
0.98739797
0.9864172
0.9854296
0.9845043
0.9835922
0.98264194
0.98165685
0.98061943
0.9796324
0.9788669
0.97879577
0.9788794
0.97920823
0.97970647
0.98023486
0.9806097
0.98090863
0.9812488
0.9815325
0.98186713
0.98225397
0.9825066
0.98264
0.9827191
0.98267615
0.9826539
0.9823081
0.9820013
0.9815751
0.98118144
0.9808432
0.9808432
0.9804691
0.9801864
0.97999597
0.9798004
0.97963864
0.9793535
0.97904515
0.9789144
0.97872066
0.9785803
0.97841835
0.97828025
0.9781773
0.9781429
0.9780754
0.97773045
0.9775352
0.9774664
0.9773037
0.97714525
0.9769347
0.97675073
0.9764885
0.9762813
0.97613454
0.9759394
0.97582054
0.97561514
0.9754919
0.97545916
0.97547996
0.97554237
0.9756099
0.975623
0.9755666
0.9755436
0.97548103
0.9754403
0.9754657
0.97558767
0.97579086
0.976078
0.9764553
0.976937
0.97753716
0.9782293
0.97928035
0.980446
0.980446
0.98181266
0.98337775
0.98507994
0.98686266
0.98875004
0.9903802
0.9921139
0.99393684
0.9957571
0.9975919
0.9993136
1.0009869
1.0026573
1.0044765
1.0062636
1.0081298
1.0098963
1.0117223
1.0136219
1.0155519
1.0173706
1.0192002
1.020976
1.0226383
1.024255
1.0258137
1.0275561
1.0292292
1.0307621
1.0321829
1.0333813
1.0345662
1.0358454
1.03722
1.0386025
1.0399884
1.041371
1.0428388
1.0444274
1.0457709
1.0471526
1.0487702
1.0502831
1.0519881
1.053731
1.0552835
1.0567685
1.0583103
1.0583103
1.0599407
1.061748
1.0636644
1.0655978
1.0675025
1.0695798
1.0716661
1.0736297
1.0754138
1.0773021
1.0792001
1.0812052
1.0832878
1.0852268
1.087301
1.0893143
1.0913601
1.0933387
1.095336
1.097342
1.0993301
1.1013787
1.1035491
1.1056846
1.1077403
1.1098319
1.1119857
1.114215
1.1163793
1.1184853
1.1205735
1.1225666
1.1245102
1.1265596
1.128691
1.1308975
1.1329808
1.1351563
1.1373097
1.1394533
1.1416214
1.143788
1.1458906
1.1480541
1.1502225
1.1523801
1.154641
1.1569852
1.1569852
1.1592593
1.1615326
1.163821
1.1661854
1.1686229
1.1709719
1.1732666
1.1755929
1.1779217
1.1803035
1.1826541
1.1850104
1.1873783
1.189752
1.192012
1.1942872
1.1964593
1.1986952
1.2009007
1.203021
1.205165
1.2072663
1.2094141
1.2114742
1.2135193
1.215538
1.2174982
1.2195554
1.2215818
1.223537
1.2255155
1.2274653
1.2294425
1.2315121
1.2336026
1.2356538
1.2376363
1.2395855
1.2415894
1.2435607
1.2455678
1.2475703
1.2494634
1.2513312
1.2531981
1.255034
1.2568604
1.2586495
1.2586495
1.2604257
1.2621233
1.2638135
1.2654757
1.2672079
1.2688919
1.2705224
1.2722098
1.273855
1.2754052
1.276886
1.2784085
1.2799528
1.2814827
1.2830428
1.2845895
1.2861507
1.287614
1.2890521
1.290574
1.2921989
1.293779
1.2952667
1.2967657
1.2983168
1.2998883
1.3014597
1.3030382
1.3045684
1.3060533
1.3074849
1.3088832
1.3102478
1.3115847
1.3129543
1.3142782
1.3156065
1.3169075
1.3182628
1.3195653
1.3208512
1.3221108
1.3234333
1.3247441
1.3259609
1.3271728
1.3285165
1.3298548
1.3298548
1.33117
1.3324753
1.3338082
1.3350359
1.336237
1.3374155
1.3385574
1.3396816
1.3407797
1.341892
1.3431135
1.3442941
1.3454441
1.3466307
1.3477912
1.349035
1.3502498
1.3514135
1.3525549
1.3536181
1.3545992
1.3555433
1.3565552
1.3575726
1.3586351
1.3597202
1.3607944
1.3618613
1.3629264
1.3639712
1.365004
1.366123
1.3671957
1.3682183
1.3692253
1.370246
1.3712792
1.372343
1.3733841
1.3744321
1.3754085
1.3763628
1.3773367
1.3783113
1.3793038
1.3802986
1.3813176
1.3822438
1.3822438
1.3831878
1.3841078
1.3850839
1.386074
1.3871566
1.3881865
1.389297
1.3903917
1.3915033
1.3925729
1.3935885
1.3946577
1.3956494
1.396615
1.3976946
1.3987786
1.3999237
1.4010519
1.4021666
1.4032584
1.4043088
1.4053395
1.406333
1.4072549
1.4081196
1.4090177
1.410018
1.4110323
1.4120026
1.4129796
1.413965
1.414982
1.4159918
1.4170238
1.4180974
1.4191445
1.4201467
1.421143
1.4221865
1.4231744
1.4241925
1.4252166
1.4262196
1.4271424
1.4282675
1.4293388
1.4303439
1.4313742
1.4313742
1.4323683
1.4333946
1.4344811
1.4355183
1.4365456
1.4375539
1.4385525
1.4395066
1.4405969
1.4416262
1.4426429
1.4436277
1.4445984
1.4456216
1.4466541
1.4476674
1.4486644
1.4496783
1.4507228
1.4517909
1.452853
1.4540157
1.4552057
1.4563148
1.4574947
1.4588035
1.4600024
1.4611943
1.4623393
1.4634572
1.464649
1.4658946
1.4670919
1.4683366
1.4694997
1.4706205
1.4717155
1.4727619
1.473819
1.4748466
1.4758153
1.476791
1.4777915
1.4788301
1.4797988
1.480752
1.4817127
1.4827238
1.4827238
1.4837976
1.4849281
1.4859906
1.4870815
1.4881439
1.4891522
1.4901851
1.4911429
1.4920638
1.4929918
1.4940019
1.4950074
1.4959912
1.4969828
1.4979684
1.4989302
1.4999188
1.5009862
1.5021331
1.5032942
1.5045254
1.5058231
1.507028
1.5082642
1.5095031
1.5106655
1.5117612
1.5128253
1.5137966
1.514764
1.5157357
1.51673
1.5178316
1.5188557
1.5198319
1.5207914
1.5217963
1.5228407
1.5238594
1.5248172
1.5258142
1.5268155
1.5277858
1.5287747
1.5297128
1.5307218
1.5316949
1.5326526
1.5326526
1.5336297
1.5345073
1.5353585
1.5362346
1.537111
1.5379863
1.5388919
1.5397758
1.5408154
1.5417944
1.5428092
1.5438433
1.5447938
1.5456964
1.5466805
1.5476012
1.5486754
1.5497695
1.5508025
1.5518745
1.552888
1.5538594
1.5548023
1.5558145
1.5567961
1.5577905
1.5588197
1.5598248
1.5607748
1.5616995
1.5626324
1.5637243
1.5647893
1.5657381
1.5666687
1.5675309
1.5683994
1.5692468
1.5701827
1.5710717
1.5719306
1.5727636
1.573767
1.574708
1.5756629
1.5765847
1.5776485
1.5786676
1.5786676
1.5797632
1.5808326
1.5818309
1.5828191
1.5838042
1.5847238
1.585703
1.586842
1.5878651
1.5888468
1.5897888
1.5908216
1.5917995
1.5927198
1.5936288
1.5945294
1.595372
1.5962305
1.5970366
1.597804
1.5985825
1.5993733
1.6001381
1.6009523
1.6018698
1.6029651
1.604003
1.6050544
1.6060909
1.6070603
1.6079185
1.6088212
1.6098137
1.6107873
1.6117055
1.6125824
1.6134301
1.6142778
1.6152067
1.6162417
1.6172614
1.6182005
1.6190859
1.6199868
1.6209124
1.6217681
1.6225808
1.6234517
1.6234517
1.6242296
1.6250165
1.6257561
1.626495
1.6272289
1.628007
1.6287471
1.6296121
1.6305106
1.6314393
1.6324644
1.6334686
1.6344473
1.6354982
1.6365414
1.6375135
1.6384686
1.6393932
1.6402816
1.6411047
1.6418853
1.6426282
1.6433232
1.64404
1.6447799
1.6455967
1.6464128
1.6473601
1.648271
1.6491282
1.6499152
1.650701
1.651486
1.6522566
1.6530045
1.6537158
1.6544154
1.6550989
1.6557815
1.6564417
1.657179
1.6579282
1.6586096
1.6593965
1.6602697
1.6610674
1.6618757
1.6626658
1.6626658
1.6634152
1.6642349
1.6650636
1.6658646
1.666694
1.6674684
1.6681577
1.6688515
1.6695569
1.6703883
1.6710888
1.6717867
1.6725842
1.6732924
1.6739728
1.6746064
1.6752542
1.675924
1.6766862
1.6774993
1.678246
1.6789452
1.6796601
1.6803657
1.6810176
1.6816146
1.6821818
1.6827602
1.6833628
1.6839594
1.6845899
1.685243
1.6858684
1.6864305
1.6870004
1.6875396
1.688069
1.6886933
1.6893598
1.6900027
1.6907964
1.6915685
1.6922665
1.6929097
1.6935347
1.6942862
1.6950839
1.6958119
1.6958119
1.6964798
1.697192
1.6978782
1.6986351
1.6993569
1.7000495
1.7007198
1.7013781
1.7019845
1.7025951
1.7031989
1.7037793
1.7043262
1.7048302
1.7054601
1.7061868
1.70687
1.7075816
1.708251
1.7088615
1.709445
1.7100093
1.7105399
1.711087
1.7116232
1.7122198
1.7127682
1.7133372
1.7139713
1.7145866
1.7151681
1.7157124
1.716258
1.7167687
1.7172863
1.7177852
1.7183596
1.7188686
1.7193404
1.7198615
1.7204491
1.7211642
1.7217788
1.7223543
1.7229037
1.7235047
1.7241075
1.7246373
1.7246373
1.725123
1.7255708
1.7260022
1.7265842
1.7271295
1.7276516
1.7282009
1.7287433
1.7293044
1.7298486
1.7303785
1.7309072
1.7314339
1.7319528
1.7324333
1.7329209
1.7334208
1.733944
1.7345128
1.7352737
1.7359829
1.736677
1.7374115
1.7380934
1.7387439
1.7393777
1.740033
1.7406379
1.7411987
1.7416978
1.7422053
1.7426873
1.7431657
1.7436771
1.744202
1.7447547
1.7452726
1.7457721
1.7463809
1.7469583
1.747506
1.7481443
1.7488084
1.7496299
1.7504107
1.7513335
1.7522813
1.753227
1.753227
1.7541252
1.7549372
1.7557101
1.7564358
1.7571297
1.7578814
1.7586493
1.7593819
1.7600749
1.7607158
1.7612891
1.7618641
1.7624682
1.7630265
1.7634919
1.7639428
1.7644945
1.7650787
1.765648
1.7662076
1.7667633
1.7673527
1.7679783
1.7685974
1.7691694
1.7697251
1.7702969
1.7708726
1.7714237
1.7720193
1.7725635
1.773155
1.7737752
1.7743584
1.7749232
1.7755158
1.7761039
1.7766916
1.7773002
1.7778455
1.7784323
1.7789956
1.7795087
1.7799953
1.7804488
1.7809249
1.7814591
1.7820245
1.7820245
1.7826103
1.783334
1.7839887
1.7846363
1.7852439
1.7858886
1.7865156
1.7871287
1.7878457
1.7886041
1.789352
1.7900099
1.7906219
1.7912916
1.7919079
1.7925056
1.7930841
1.7936274
1.794184
1.7946945
1.79523
1.7956793
1.7960744
1.7964752
1.7969489
1.7974365
1.7978659
1.798289
1.7987196
1.799209
1.7997949
1.8003337
1.800807
1.8013577
1.8019583
1.8025024
1.8030322
1.8035209
1.804011
1.8045694
1.805127
1.8057531
1.8064833
1.8072506
1.8079567
1.8086294
1.8093177
1.810003
1.810003
1.8106452
1.8112233
1.8117912
1.8123869
1.8129458
1.8135006
1.8140122
1.8145154
1.8150077
1.815538
1.8160325
1.8165399
1.8169496
1.8173327
1.8178084
1.8182319
1.8186272
1.8190024
1.8193637
1.8197591
1.8202937
1.8208975
1.821404
1.8219659
1.8225919
1.8232032
1.823731
1.824189
1.8246202
1.8250433
1.8254962
1.8259568
1.8264214
1.8268359
1.8272899
1.8277797
1.8283957
1.828965
1.8295062
1.8300316
1.830569
1.8311889
1.831796
1.8323516
1.8328458
1.8333074
1.8337688
1.8342243
1.8342243
1.8345981
1.8349506
1.8352443
1.8355622
1.8359009
1.8364463
1.836928
1.8373373
1.8377231
1.8381089
1.83852
1.8389579
1.8394048
1.8398063
1.8401871
1.8405795
1.8409709
1.8414758
1.8419858
1.8424276
1.8428087
1.8431981
1.8436848
1.8441585
1.8445458
1.8448912
1.8452494
1.8456432
1.8461471
1.8466781
1.8471665
1.8476288
1.8480729
1.8484832
1.8489091
1.849404
1.8500268
1.8506181
1.8511726
1.8516743
1.8521494
1.8526208
1.8531684
1.8536721
1.8541563
1.854616
1.8550748
1.8555139
1.8555139
1.855963
1.8563669
1.8567355
1.8570751
1.8573626
1.8578721
1.8583676
1.8589032
1.8594536
1.8600018
1.8605168
1.8610145
1.861501
1.8620151
1.8625371
1.8630605
1.8634952
1.8639793
1.8645555
1.8651191
1.8657321
1.86631
1.86687
1.8673576
1.8679242
1.868474
1.8690194
1.8696138
1.8701907
1.8707064
1.8712435
1.871766
1.8723844
1.8729483
1.8734478
1.8738732
1.8743471
1.8748411
1.8753697
1.8758612
1.8762761
1.8766971
1.8771199
1.8775873
1.8780906
1.8785421
1.8789414
1.8793789
1.8793789
1.8798586
1.8805051
1.8811088
1.8816719
1.8821872
1.8827269
1.8832868
1.8838217
1.8844348
1.885018
1.8855277
1.8859928
1.8865129
1.8870522
1.8875909
1.8881109
1.8886454
1.8891355
1.8896177
1.8900671
1.8905079
1.8908945
1.8912075
1.8914999
1.8917887
1.8920813
1.8923552
1.8926495
1.8929276
1.8932238
1.89359
1.8939309
1.8943344
1.8947618
1.8951818
1.8955886
1.8960085
1.8963823
1.8967152
1.8969958
1.8973129
1.8976388
1.8978995
1.8982351
1.8987188
1.8991487
1.8995644
1.8999944
1.8999944
1.9005322
1.9010286
1.901467
1.9018885
1.9023303
1.9027518
1.903169
1.9036026
1.9039878
1.904344
1.9046793
1.9050373
1.9054053
1.9057381
1.9060777
1.9064425
1.9068012
1.9072598
1.9076992
1.908096
1.9085093
1.9089427
1.9094777
1.9100422
1.9105694
1.9111135
1.9116542
1.9121618
1.9126623
1.9131359
1.9135889
1.9140061
1.9144514
1.9148946
1.9153178
1.9157478
1.9161602
1.9165471
1.9168844
1.9172822
1.9176993
1.918121
1.9185681
1.9189934
1.9195311
1.92004
1.9205031
1.9209571
1.9209571
1.9213963
1.9218721
1.9223613
1.9228048
1.9232466
1.9236951
1.9241719
1.9247088
1.9251915
1.9256786
1.9262028
1.9266846
1.927138
1.9275562
1.9280416
1.9285277
1.9290172
1.9295176
1.9300431
1.9305665
1.9311373
1.9316623
1.9321605
1.9326428
1.9331045
1.9335685
1.9340924
1.9346068
1.9351432
1.9356574
1.93615
1.9365808
1.9369386
1.9373552
1.9377561
1.938138
1.938607
1.9391024
1.9395746
1.9400443
1.9405118
1.9409808
1.9414157
1.94181
1.9422218
1.9426694
1.9431473
1.9436505
1.9436505
1.9442209
1.9447616
1.9452573
1.9457568
1.9462688
1.9467605
1.9472473
1.9477499
1.9482841
1.9487977
1.9492885
1.9497737
1.950244
1.9506887
1.9510859
1.9515119
1.9519218
1.9523947
1.9528291
1.9532328
1.9536065
1.9539977
1.9543724
1.9546585
1.9549994
1.95537
1.9557667
1.9560618
1.9563712
1.9567145
1.9571115
1.9575539
1.9579483
1.9583519
1.9587643
1.9592043
1.9596065
1.9600106
1.96042
1.9609272
1.9614078
1.9619154
1.9625131
1.9631741
1.9637848
1.9644572
1.9651406
1.9657893
1.9657893
1.9664384
1.9670779
1.9677417
1.9683307
1.9688778
1.9694289
1.970005
1.9705637
1.9710982
1.9717135
1.9724553
1.9732077
1.9738433
1.9744434
1.9750577
1.975633
1.9761069
1.9765593
1.9772601
1.9779474
1.9785769
1.9791718
1.9797311
1.9802697
1.9807578
1.981173
1.9816822
1.982205
1.9827727
1.983311
1.9838276
1.9843334
1.9849021
1.9854025
1.9859129
1.9864665
1.9870187
1.9875209
1.9880168
1.9885094
1.9890118
1.9894971
1.9899838
1.990543
1.9911704
1.9917269
1.9922955
1.9928974
1.9928974
1.9935138
1.9941028
1.9946375
1.995231
1.9958607
1.9964876
1.9971036
1.9976348
1.9981822
1.9986929
1.999242
1.9998105
2.0004199
2.0009854
2.0014691
2.0019345
2.002371
2.0028052
2.0032384
2.0037694
2.0042489
2.0047038
2.0052092
2.0056648
2.006111
2.0065427
2.0069437
2.0073214
2.0076928
2.0080445
2.0084317
2.0088036
2.0092
2.0095172
2.0098085
2.0101683
2.0105524
2.010942
2.011367
2.0117939
2.0121787
2.0125341
2.0128367
2.0131967
2.0136025
2.014041
2.0145059
2.014916
2.014916
2.0153358
2.0157719
2.0161808
2.0166297
2.0171776
2.0177486
2.0182393
2.0186808
2.0190873
2.0195363
2.0199754
2.0204256
2.0210226
2.0215936
2.0221274
2.022625
2.0231838
2.0236902
2.0241413
2.024592
2.0250845
2.0255497
2.0259545
2.0263205
2.0267487
2.0271976
2.0276828
2.028323
2.0289993
2.0296667
2.0302753
2.030883
2.031488
2.0320265
2.032555
2.0331264
2.0336273
2.0341034
2.0345647
2.0350544
2.0355237
2.0359712
2.0363839
2.036705
2.0370014
2.0372915
2.0376303
2.0381129
2.0381129
2.0385242
2.0389857
2.039545
2.0401032
2.0406468
2.0411637
2.0416796
2.0421848
2.042688
2.0431898
2.0437891
2.0444694
2.0451248
2.0457082
2.0463436
2.0470366
2.0477073
2.0483027
2.048871
2.049537
2.0501986
2.0508184
2.051451
2.0520859
2.0526733
2.053242
2.0538151
2.0543678
2.0549138
2.0555074
2.0561788
2.0567968
2.0573695
2.0579178
2.058443
2.058958
2.0595775
2.0601358
2.0607455
2.0613983
2.0620723
2.0627203
2.0633523
2.0639153
2.0644445
2.0649173
2.065399
2.0659206
2.0659206
2.0664494
2.0669014
2.0673044
2.0677118
2.0681002
2.0684304
2.0687819
2.0691352
2.069592
2.0700073
2.070436
2.0708969
2.0713897
2.071882
2.072357
2.0727706
2.0731397
2.0734718
2.073748
2.0740469
2.0744286
2.0747545
2.075103
2.0754404
2.0758011
2.076169
2.0765526
2.0769048
2.0772724
2.0777059
2.0781717
2.078618
2.078945
2.0792372
2.0795794
2.0798922
2.0801685
2.080472
2.0807824
2.0809934
2.081287
2.0816703
2.082053
2.0824392
2.0828307
2.0831938
2.0835624
2.0839658
2.0839658
2.0844173
2.084894
2.0853884
2.085845
2.0862916
2.086713
2.087143
2.0875933
2.0879958
2.088444
2.0889287
2.0893972
2.0898778
2.0904095
2.0909295
2.0913901
2.0919018
2.0924265
2.0929441
2.0933628
2.0937533
2.0941913
2.0946314
2.095014
2.0953662
2.0957985
2.0962043
2.0965822
2.09694
2.0973303
2.0976865
2.0979824
2.0983028
2.0986497
2.098977
2.0992734
2.0995517
2.099938
2.100308
2.1006424
2.1010177
2.1014018
2.101845
2.1022232
2.1026003
2.1030016
2.1034207
2.1038675
2.1038675
2.1042585
2.1047564
2.1052232
2.1056077
2.10611
2.1065912
2.1071424
2.1076584
2.1081553
2.1086237
2.1091075
2.1095753
2.1100125
2.1104941
2.111019
2.111476
2.1119082
2.1123435
2.1128306
2.113351
2.1137917
2.1142135
2.114616
2.1150439
2.115448
2.1158574
2.1162724
2.1166759
2.1170366
2.1174057
2.1178885
2.1183438
2.118693
2.1190135
2.1193893
2.1197722
2.1202068
2.1206603
2.1211336
2.1216767
2.1222775
2.1228657
2.123403
2.1239233
2.1243825
2.124819
2.1252246
2.1256447
2.1256447
2.1260383
2.126353
2.1266952
2.1270635
2.1274452
2.1277688
2.1280606
2.1283283
2.128597
2.1288621
2.1291697
2.1294262
2.1296713
2.130015
2.1304107
2.1307862
2.1311433
2.131492
2.1318176
2.1321487
2.132457
2.132864
2.1332436
2.1336136
2.1340072
2.1344004
2.1347382
2.135144
2.1355069
2.1357858
2.1360495
2.1363316
2.1367323
2.1371174
2.1374936
2.1377673
2.138073
2.1384346
2.1388035
2.1391644
2.1395268
2.1399376
2.1402447
2.1405258
2.1408594
2.1411211
2.141351
2.1416516
2.1416516
2.142048
2.142451
2.1428301
2.143177
2.1436012
2.144043
2.144469
2.144905
2.145332
2.1456912
2.1460261
2.1463413
2.1465986
2.1468651
2.1471555
2.1473966
2.1476645
2.1479905
2.1482637
2.1485167
2.14878
2.149091
2.1493974
2.149663
2.1499612
2.150191
2.1504433
2.1507058
2.150932
2.1511648
2.1514685
2.1517262
2.1519268
2.152118
2.1523108
2.1525264
2.1527133
2.1528015
2.152975
2.1532257
2.1533775
2.1535437
2.153734
2.1539643
2.154175
2.1543953
2.1546822
2.1549497
2.1549497
2.1551778
2.155363
2.1555705
2.1558468
2.1561651
2.1564133
2.1567445
2.1571069
2.1574597
2.1577072
2.1579869
2.1583927
2.1588466
2.1593025
2.1597083
2.1600776
2.1604574
2.1608357
2.1612337
2.1616566
2.1621222
2.16248
2.162793
2.1631393
2.1634746
2.1637979
2.1641858
2.164715
2.165275
2.1657655
2.166313
2.1669495
2.1676278
2.1682487
2.1688027
2.1694071
2.1700146
2.170554
2.1711056
2.171743
2.1723425
2.17287
2.173329
2.1737773
2.174215
2.1746292
2.175015
2.1753786
2.1753786
2.1757514
2.176041
2.1763024
2.1765525
2.1768444
2.1770935
2.1773908
2.1777074
2.1779697
2.1782773
2.1785822
2.1789134
2.179283
2.179635
2.1799107
2.1802046
2.1805186
2.1808205
2.1810572
2.181212
2.1813881
2.1815484
2.18185
2.1822374
2.1825223
2.1827488
2.1830182
2.1833384
2.1836927
2.1840036
2.1842086
2.184489
2.1847804
2.185069
2.1853378
2.1855915
2.1858838
2.186174
2.1864052
2.1866336
2.186822
2.186934
2.1870842
2.1872787
2.1874895
2.1877918
2.188094
2.188334
2.188334
2.1886022
2.1888447
2.1892083
2.1895657
2.1899378
2.1902947
2.1907408
2.191161
2.1916134
2.1920612
2.192558
2.192994
2.1934347
2.1938336
2.194183
2.194538
2.1949027
2.195312
2.1957183
2.1962218
2.1966763
2.197062
2.1974602
2.1978571
2.1982582
2.1986477
2.198997
2.199382
2.1998656
2.2002623
2.2006238
2.201027
2.2014556
2.2018867
2.202384
2.2028668
2.2033958
2.2038555
2.2042806
2.2047448
2.2051537
2.2054548
2.2057848
2.2061198
2.206434
2.2067068
2.206954
2.2071662
2.2071662
2.2073505
2.2075453
2.2077365
2.2080135
2.2083008
2.208557
2.208899
2.209321
2.209674
2.2100885
2.210456
2.210787
2.2109847
2.2112918
2.211588
2.2118838
2.2121873
2.2125213
2.2129989
2.213464
2.2138865
2.2143922
2.214862
2.2152386
2.2155302
2.2158136
2.2161028
2.2164075
2.216619
2.2166903
2.2167277
2.2168338
2.2169712
2.21707
2.2171674
2.2173035
2.217492
2.2176487
2.2177842
2.2179537
2.218084
2.2182364
2.2184484
2.2186704
2.2188318
2.21893
2.2189555
2.2190301
2.2190301
2.219148
2.2192528
2.2193663
2.21942
2.2194676
2.2195303
2.219692
2.219976
2.2201827
2.2203581
2.2206159
2.2210057
2.2212992
2.2215588
2.221894
2.2221985
2.2224867
2.2227142
2.2229557
2.2232628
2.2235932
2.2239423
2.2243013
2.224681
2.225142
2.225527
2.2258599
2.2262506
2.226595
2.2269084
2.227206
2.2274601
2.2277298
2.227931
2.2281375
2.2284062
2.2286744
2.228921
2.2291372
2.2294025
2.2296143
2.2297068
2.2297726
2.2297728
2.2297544
2.229731
2.2297235
2.229816
2.229816
2.2299533
2.2302089
2.2304924
2.2307048
2.2309692
2.231231
2.2314818
2.2316813
2.2318497
2.232039
2.232257
2.2324126
2.232593
2.232748
2.2328556
2.2329717
2.2331817
2.233411
2.2336879
2.2339087
2.234208
2.2343693
2.234466
2.2346225
2.2348175
2.23509
2.2353675
2.2355628
2.235808
2.2361498
2.2364752
2.2368631
2.2372375
2.2376513
2.2380102
2.238299
2.238662
2.2389576
2.23919
2.2395146
2.2398334
2.2401311
2.240417
2.24056
2.2406542
2.2407162
2.2408662
2.2410686
2.2410686
2.2413757
2.2417047
2.2420855
2.2423923
2.2427335
2.2430956
2.2436447
2.244095
2.2445254
2.2449026
2.2452679
2.2456834
2.2460308
2.2463334
2.2466698
2.2470145
2.2473536
2.2477024
2.2480395
2.2484248
2.2487879
2.2490911
2.249388
2.24967
2.2499604
2.2502694
2.25061
2.2508576
2.2510924
2.2513385
2.2515867
2.2517881
2.2520547
2.252291
2.2525823
2.252795
2.2529416
2.253115
2.2532775
2.2533925
2.2535067
2.2537131
2.254074
2.254309
2.2545724
2.2548919
2.2551513
2.255417
2.255417
2.255799
2.2560594
2.2562382
2.2563908
2.2565086
2.256621
2.2566905
2.2567408
2.2568138
2.2569537
2.257162
2.2574267
2.257677
2.2579591
2.258218
2.2585177
2.2588067
2.2590811
2.2593572
2.2595296
2.2596765
2.2599335
2.2602324
2.260514
2.2607415
2.2609837
2.2612736
2.2615159
2.2617512
2.2620437
2.2623563
2.2626536
2.26287
2.2631943
2.2634852
2.2638466
2.2641447
2.2643683
2.2646403
2.2649217
2.265257
2.265548
2.2657824
2.2659123
2.2660987
2.2663636
2.2665582
2.2667196
2.2667196
2.2668972
2.267114
2.2672477
2.2673945
2.2675574
2.267717
2.2678945
2.2680414
2.2682633
2.268496
2.268688
2.2688208
2.2689624
2.269172
2.2693026
2.2694378
2.2694888
2.2694645
2.269365
2.2692416
2.2691178
2.269104
2.2691286
2.2691188
2.2691238
2.26914
2.2693567
2.2695894
2.2696753
2.269714
2.2698526
2.269934
2.2699888
2.2700396
2.2701492
2.2703187
2.2705579
2.2707987
2.270969
2.2711957
2.271447
2.2718232
2.2721484
2.2724273
2.272786
2.2731392
2.2733939
2.2736137
2.2736137
2.2738824
2.2741435
2.2743814
2.2746813
2.2750096
2.2753298
2.2756522
2.276009
2.2763906
2.276725
2.2770422
2.277312
2.2775183
2.2777998
2.2780201
2.2781684
2.2783005
2.2784185
2.2785766
2.2786987
2.2787595
2.2788556
2.2789626
2.2789927
2.2790349
2.2791333
2.2793047
2.279523
2.279828
2.2802079
2.2806504
2.2810614
2.28151
2.2819054
2.282323
2.2827783
2.2831354
2.2833874
2.2837434
2.2841148
2.2844603
2.284776
2.285107
2.2854311
2.285738
2.285991
2.2862535
2.2866657
2.2866657
2.2871509
2.2875397
2.2877858
2.2880127
2.2882652
2.28846
2.2885637
2.2886195
2.288688
2.2888503
2.288995
2.2891717
2.2893615
2.2894752
2.2895906
2.289672
2.2896929
2.2897305
2.2898376
2.2898898
2.289961
2.2900293
2.2901733
2.2903292
2.290458
2.2905684
2.290731
2.290901
2.2909727
2.2910924
2.2912524
2.291487
2.291687
2.2918668
2.2920198
2.2921996
2.2922568
2.2923515
2.2924404
2.292596
2.292758
2.2928998
2.2929404
2.2929208
2.292905
2.2929983
2.2930982
2.2932065
2.2932065
2.2933874
2.2936392
2.2939184
2.2941935
2.2944105
2.2946656
2.2948875
2.2950637
2.2951894
2.295364
2.2955801
2.295731
2.2958248
2.2958338
2.2958617
2.2960489
2.296192
2.2962315
2.296367
2.2965312
2.2968628
2.2972505
2.2976165
2.298075
2.2985265
2.298886
2.2992365
2.29961
2.300037
2.300401
2.3007376
2.30107
2.3013678
2.3016796
2.3018935
2.302204
2.3025713
2.302961
2.3032823
2.303512
2.3037417
2.3039746
2.304138
2.3042238
2.3043263
2.3044567
2.3046536
2.3048599
2.3048599
2.305096
2.305412
2.3057797
2.3061028
2.306375
2.3067
2.3070824
2.3074682
2.3078284
2.3081288
2.3084188
2.3086908
2.3089519
2.3092504
2.309516
2.309802
2.3100314
2.310239
2.3105693
2.3108876
2.3111954
2.3114927
2.3117404
2.311951
2.312169
2.3123295
2.3125482
2.3128233
2.3131084
2.3133457
2.3135328
2.3138497
2.3142805
2.3145523
2.3147433
2.3149962
2.3152733
2.315363
2.3153305
2.3153005
2.3153918
2.3154647
2.3155243
2.3156796
2.3158448
2.316029
2.3162398
2.3164175
2.3164175
2.3164227
2.3165128
2.3165548
2.3166442
2.3167632
2.3169782
2.317134
2.3172197
2.317311
2.3174276
2.3175771
2.317828
2.3180327
2.3181794
2.3182385
2.3182774
2.3181946
2.3182616
2.3184173
2.3187764
2.319139
2.3195162
2.3198519
2.3202047
2.3205082
2.3207486
2.3210468
2.3213458
2.3217227
2.32201
2.322321
2.3225
2.3226402
2.322785
2.3230584
2.3233314
2.3236175
2.3238416
2.3239543
2.3240607
2.324112
2.3242106
2.3241792
2.3241532
2.324147
2.3241324
2.3241239
2.3240626
2.3240626
2.3241112
2.3241606
2.3241866
2.3241398
2.324129
2.3241527
2.3242555
2.324337
2.3245728
2.3247647
2.3249831
2.3252153
2.3255131
2.3258462
2.3260849
2.326265
2.3263876
2.3265755
2.3267806
2.3269122
2.3269894
2.3269398
2.3269691
2.3271048
2.3272824
2.3274276
2.3275461
2.3276324
2.3276916
2.3277044
2.3277044
2.3276396
2.32759
2.3275192
2.3275049
2.3274806
2.3274567
2.3274906
2.32758
2.3276274
2.3276618
2.3275871
2.3275368
2.3275583
2.327587
2.3276362
2.327729
2.3278215
2.3278215
2.3279493
2.3280551
2.3281996
2.3283894
2.3286252
2.3287838
2.3289497
2.3292608
2.3295436
2.3297787
2.329936
2.3300602
2.3302426
2.330539
2.3306627
2.3307326
2.3308582
2.3311222
2.331441
2.3315485
2.3316379
2.3316834
2.331808
2.331984
2.3321068
2.332221
2.3324342
2.3328314
2.333152
2.3334517
2.333717
2.3340023
2.334245
2.3343775
2.3344786
2.3347223
2.3349364
2.3351967
2.3354352
2.3356922
2.335817
2.3358824
2.335869
2.3358529
2.335858
2.3359003
2.335922
2.3360152
2.3360152
2.3360693
2.3361778
2.3363674
2.3366706
2.336845
2.33699
2.337187
2.3372254
2.33724
2.3372335
2.337142
2.3371234
2.3371031
2.3370368
2.337026
2.3371487
2.3372042
2.337262
2.3373296
2.3373322
2.3374202
2.337563
2.337672
2.3377216
2.3377903
2.3378744
2.3378794
2.3379078
2.3379483
2.3380384
2.3381267
2.3381748
2.338161
2.3381689
2.3381503
2.338106
2.3382027
2.338283
2.338376
2.3385801
2.3387716
2.3389263
2.3390732
2.3392541
2.3395002
2.339721
2.3399642
2.3401983
2.3401983
2.3404748
2.340758
2.3410099
2.3413703
2.3416562
2.341884
2.3421557
2.3425965
2.3430052
2.3434017
2.3438215
2.3441546
2.3444762
2.3448555
2.3452
2.34556
2.3458676
2.3461416
2.3463619
2.3465433
2.346757
2.3470545
2.3473687
2.3476257
2.3478842
2.3480785
2.3482726
2.3484533
2.3486295
2.3488462
2.3490396
2.349286
2.3495605
2.3498034
2.350026
2.3501873
2.3503463
2.3504107
2.3504567
2.3504407
2.3503373
2.3501587
2.3500116
2.3499756
2.35002
2.3500307
2.3500202
2.3500934
2.3500934
2.3502316
2.3503377
2.3503277
2.3502593
2.3502662
2.350402
2.3505106
2.3506541
2.3508577
2.351094
2.351257
2.3513799
2.3515317
2.3516927
2.3519475
2.3521807
2.3523943
2.3525941
2.352858
2.3531048
2.353336
2.353609
2.3538127
2.354043
2.354214
2.354467
2.3547492
2.355044
2.3553677
2.3555589
2.3557212
2.355772
2.3559124
2.3560574
2.356055
2.3560033
2.356041
2.3560438
2.3560119
2.3559163
2.3559277
2.3559976
2.3561475
2.3562255
2.3563004
2.3564544
2.3565307
2.3566034
2.3566034
2.3567536
2.3568726
2.3569357
2.3569627
2.35697
2.3570414
2.3572295
2.3573463
2.3574123
2.357536
2.3576996
2.357846
2.3580377
2.3582351
2.3584003
2.358573
2.3586435
2.3588
2.3589602
2.3591335
2.3591623
2.3592362
2.3593075
2.3594239
2.3595722
2.3597465
2.359999
2.3602633
2.360546
2.360649
2.3607404
2.3609228
2.3611627
2.3615
2.3618174
2.3620734
2.3622956
2.3623962
2.3625038
2.3626018
2.3626678
2.3627427
2.3627894
2.3628702
2.3628817
2.3628922
2.3629224
2.362996
2.362996
2.363143
2.3634508
2.3637342
2.3640268
2.3643267
2.3646479
2.36502
2.365421
2.3659482
2.3664243
2.3667946
2.3671467
2.367492
2.367794
2.3680172
2.368184
2.3682735
2.3683083
2.3683202
2.368335
2.3683481
2.3682907
2.368243
2.3682318
2.3682432
2.3682811
2.3683214
2.3683321
2.3683033
2.3682456
2.3681633
2.368156
2.3681757
2.368268
2.3683596
2.3683941
2.3684325
2.368478
2.3686378
2.3687735
2.3688564
2.3690805
2.3692822
2.3695023
2.369749
2.370014
2.3702781
2.3705568
2.3705568
2.3709326
2.3712947
2.3717186
2.3719952
2.3722343
2.3725204
2.3727577
2.3730397
2.3733215
2.3736088
2.373763
2.373812
2.3738444
2.3738532
2.3738248
2.3739126
2.373953
2.374045
2.3741677
2.374242
2.3743026
2.3744004
2.3745675
2.374682
2.3748364
2.3749266
2.3749945
2.3750255
2.3750694
2.3750942
2.3751323
2.375352
2.375486
2.375597
2.3756568
2.3757637
2.3759072
2.3759816
2.3759716
2.3760345
2.376144
2.3762138
2.3761573
2.3761244
2.3761265
2.3761165
2.37607
2.3760436
2.3760436
2.376116
2.3762014
2.3763065
2.3764107
2.376562
2.3768222
2.3771033
2.3773901
2.3776407
2.3778896
2.3782794
2.378707
2.3791702
2.3796363
2.3800874
2.3804584
2.3807654
2.3808916
2.3809445
2.3809948
2.381036
2.3810642
2.3810978
2.3811681
2.381277
2.381333
2.3814802
2.3816683
2.3818772
2.3821464
2.382293
2.38236
2.3824205
2.382385
2.382337
2.3823218
2.382362
2.3823395
2.3823538
2.3823853
2.382401
2.3823712
2.3825607
2.382825
2.3830085
2.383137
2.383296
2.3834312
2.3834312
2.3835707
2.3837087
2.383919
2.3842416
2.3843906
2.384641
2.3848171
2.3849123
2.3849986
2.3850715
2.3851445
2.3851633
2.3852797
2.3853536
2.385539
2.3857982
2.3859615
2.3861513
2.3862994
2.38649
2.3867006
2.3868968
2.387053
2.3873205
2.387542
2.3877275
2.3879352
2.388155
2.3883014
2.388501
2.3886619
2.38881
2.3888562
2.388932
2.3890226
2.38908
2.3891463
2.3891847
2.3891222
2.3892658
2.3894932
2.389645
2.3897898
2.3898575
2.3899624
2.390116
2.3902678
2.3904202
2.3904202
2.3906717
2.3909252
2.3911285
2.39126
2.391406
2.3914714
2.391393
2.3913167
2.3912826
2.3912046
2.3912659
2.3912475
2.3911338
2.391019
2.3910003
2.3910377
2.3910103
2.3910325
2.3910842
2.3911495
2.3912547
2.391299
2.3913672
2.3915424
2.3917336
2.3919828
2.392227
2.39234
2.3924837
2.392589
2.392657
2.3927255
2.3927753
2.3928428
2.3928797
2.392844
2.3928287
2.3928976
2.3929498
2.392913
2.3929276
2.3930683
2.3931775
2.3932269
2.3932786
2.3934956
2.3936872
2.3937593
2.3937593
2.393791
2.393934
2.3941476
2.3942595
2.3942668
2.394358
2.3944783
2.3944397
2.394439
2.394454
2.394555
2.394614
2.394735
2.3948598
2.3950408
2.3952098
2.395282
2.395242
2.3952966
2.395438
2.395467
2.3954306
2.3953297
2.3953354
2.3953488
2.3953028
2.3953867
2.3955035
2.3957236
2.3959162
2.3961039
2.3963444
2.396447
2.3965058
2.396552
2.3966417
2.3966732
2.3966873
2.3966613
2.3966348
2.3966563
2.3967364
2.3967714
2.3967614
2.3967955
2.3968403
2.3967829
2.3967633
2.3967633
2.3966565
2.3966289
2.396667
2.3966792
2.3968625
2.397131
2.3973236
2.3975136
2.3977244
2.3978958
2.3981597
2.3982954
2.398453
2.3987515
2.3991382
2.3994834
2.3997648
2.400019
2.400267
2.400555
2.4008737
2.4011219
2.4013815
2.4016404
2.4017975
2.4019465
2.4021518
2.4022708
2.4024823
2.402679
2.402906
2.4031212
2.4032364
2.4032962
2.4033875
2.4034917
2.4036424
2.403771
2.4038832
2.4040003
2.4041138
2.4042745
2.4044473
2.4047122
2.4047978
2.4048762
2.4048488
2.404732
2.404732
2.40462
2.4045713
2.4045308
2.4044952
2.404557
2.4046478
2.404657
2.4046054
2.4046023
2.4045424
2.4044929
2.4044428
2.4044588
2.40449
2.4044883
2.4044452
2.4045498
2.4045532
2.404643
2.404749
2.404975
2.4051545
2.4052553
2.405337
2.4054184
2.4054952
2.4055152
2.4055731
2.4056213
2.4055924
2.4055283
2.405464
2.4053652
2.4053404
2.4053028
2.4052205
2.4050589
2.4048908
2.4048324
2.4046834
2.404514
2.4045115
2.404546
2.404665
2.4047723
2.4048269
2.4047656
2.4047377
2.4047377
2.4047391
2.4048376
2.4048681
2.4047995
2.4048097
2.4047728
2.4046557
2.404685
2.404714
2.4049256
2.405114
2.4051948
2.4053805
2.4055572
2.4057748
2.4060102
2.4061017
2.4062135
2.4062552
2.4063058
2.4063094
2.4063394
2.4064753
2.406594
2.406776
2.406962
2.4071765
2.4072948
2.407472
2.4076092
2.4077272
2.4078653
2.4080834
2.408227
2.4084136
2.40857
2.4086785
2.4088218
2.4090304
2.4091725
2.4092228
2.409314
2.4092953
2.4092853
2.4093049
2.4093866
2.4094498
2.4093814
2.4093814
2.4094107
2.4096372
2.409805
2.4099884
2.4101396
2.410207
2.4102945
2.4103687
2.4104993
2.4106688
2.4107964
2.4109437
2.4110477
2.4111202
2.4111502
2.4111466
2.4111333
2.4111466
2.4111793
2.4110856
2.4110239
2.4108412
2.4107656
2.4107654
2.4108107
2.410739
2.410611
2.4105818
2.4106338
2.410681
2.410611
2.4105427
2.4105632
2.4106429
2.4107785
2.4109597
2.4110553
2.4110968
2.4110274
2.410989
2.4109173
2.4109466
2.4109848
2.4111435
2.4112887
2.411275
2.4112434
2.4113688
2.4113688
2.4115837
2.4118545
2.4120533
2.4122
2.4124067
2.41254
2.4126852
2.4128568
2.4130914
2.4133735
2.4135108
2.4136353
2.4137363
2.4138381
2.4138932
2.4141176
2.4142966
2.414536
2.4147794
2.4151664
2.4154418
2.4156082
2.4157915
2.4160538
2.4163344
2.4166284
2.4169905
2.4174628
2.4178667
2.4180984
2.4182308
2.4183674
2.4184835
2.418621
2.418698
2.4187376
2.4187224
2.4187753
2.4189703
2.419215
2.4195151
2.4198437
2.419972
2.420157
2.4203548
2.420562
2.4207168
2.420874
2.420874
2.4209898
2.4211216
2.4213245
2.4216464
2.4219606
2.4223757
2.4228635
2.4233818
2.4238796
2.4244642
2.4249742
2.4253063
2.425645
2.4258964
2.426097
2.4262688
2.4263442
2.4263012
2.4261677
2.426024
2.4258647
2.4255986
2.4254184
2.4254057
2.4254262
2.4253533
2.425117
2.424953
2.4248786
2.4248376
2.4248548
2.4249408
2.424925
2.4250226
2.4250731
2.4250135
2.425055
2.4250827
2.4250882
2.4249861
2.425016
2.4250603
2.4250498
2.4250586
2.4249969
2.4249973
2.4249954
2.4248455
2.4248455
2.4246602
2.4245336
2.4244199
2.4242792
2.4241607
2.4242034
2.424276
2.4243298
2.4242792
2.4242022
2.4242055
2.42414
2.4240265
2.4238155
2.4237795
2.4237375
2.4237268
2.423757
2.423778
2.4237907
2.4239178
2.4241514
2.424395
2.4246624
2.42489
2.425195
2.4255555
2.4258204
2.4261167
2.4264946
2.4267013
2.4268043
2.4269874
2.4272256
2.4274194
2.4276643
2.4278648
2.4281118
2.4282691
2.4284108
2.4285414
2.4285972
2.4286747
2.4287825
2.428881
2.4290483
2.429262
2.4294195
2.4294195
2.4295263
2.4296768
2.4297626
2.4299023
2.4300892
2.430451
2.4307806
2.431
2.4311035
2.431113
2.4310093
2.43101
2.4309392
2.4308283
2.4306548
2.4304736
2.430346
2.4302683
2.4302201
2.430177
2.430223
2.4302592
2.4303517
2.430391
2.4302568
2.4302104
2.4302042
2.4302685
2.4302664
2.4302208
2.4302073
2.43022
2.4302027
2.4301803
2.4302516
2.4303648
2.430498
2.4306016
2.4306712
2.4307764
2.4308188
2.4309096
2.431009
2.4311156
2.431042
2.430987
2.4310687
2.431144
2.431144
2.431179
2.4313376
2.431446
2.4316993
2.431895
2.4321997
2.4324408
2.4327648
2.4329443
2.4330678
2.4331696
2.4332047
2.433244
2.433304
2.4334128
2.4335787
2.4336822
2.4338577
2.433851
2.4338164
2.4338067
2.4335835
2.4332495
2.4330213
2.4326997
2.4324775
2.4322
2.4319525
2.4316578
2.431305
2.4309225
2.430548
2.4302344
2.43001
2.4300435
2.4299593
2.429899
2.429661
2.4293985
2.4291651
2.4290335
2.4289963
2.429099
2.429122
2.4290342
2.4291005
2.4291725
2.4293475
2.4293475
2.4295163
2.4295352
2.4295602
2.4295118
2.429417
2.429338
2.4292564
2.4292107
2.4290566
2.428895
2.4287996
2.428806
2.4287202
2.4285982
2.4285479
2.4285817
2.4286098
2.428501
2.4284463
2.42847
2.428424
2.428254
2.4281518
2.428011
2.427895
2.4279041
2.427921
2.4280243
2.4281604
2.428261
2.4283853
2.428536
2.428764
2.4289172
2.429133
2.429311
2.429547
2.4297607
2.429881
2.4300337
2.430317
2.4304373
2.4304667
2.4305494
2.4307423
2.4310849
2.4314756
2.431837
2.431837
2.4321795
2.4323945
2.4325454
2.43261
2.4327903
2.4329958
2.4331276
2.4333105
2.4335542
2.4337096
2.4339123
2.4342344
2.4345078
2.4346457
2.43486
2.4351091
2.435334
2.4354107
2.4354513
2.4357862
2.4360175
2.4362173
2.4364054
2.4366708
2.436852
2.436977
2.437133
2.437335
2.4375923
2.4377866
2.4378018
2.4378045
2.4377925
2.437815
2.4377382
2.4376228
2.437464
2.437205
2.4369504
2.4367142
2.4365747
2.43651
2.4365125
2.4365547
2.436553
2.4365637
2.4366505
2.4366858
2.4366858
2.4368238
2.4369555
2.4370804
2.4370518
2.4370568
2.4372003
2.4372787
2.4373486
2.4373434
2.4373677
2.4374905
2.4375806
2.4376245
2.4375951
2.437496
2.4372394
2.4370368
2.436935
2.4369235
2.4369857
2.437042
2.4371116
2.4370599
2.4370003
2.4369001
2.4368958
2.4369357
2.4370308
2.4370525
2.4371917
2.4372587
2.4372656
2.437334
2.437355
2.4374895
2.4377182
2.4379206
2.438111
2.4382634
2.438318
2.4381309
2.4380054
2.437875
2.4377813
2.4378684
2.4378624
2.4378154
2.4376452
2.4376452
2.4374275
2.4372382
2.4371102
2.4370492
2.4369366
2.436857
2.4367929
2.43676
2.4365716
2.4363825
2.4360547
2.435604
2.4352794
2.4350722
2.4346602
2.434199
2.4338
2.4334254
2.4333775
2.4333236
2.4333217
2.4334111
2.4334826
2.433539
2.4335725
2.4337022
2.433834
2.4340534
2.4343677
2.4346514
2.4349225
2.4352012
2.4354823
2.4358382
2.4362173
2.436481
2.4368157
2.4372
2.4376478
2.4380958
2.4385867
2.4390426
2.4394937
2.4397495
2.4399843
2.4402778
2.4404442
2.4404159
2.4404159
2.4402974
2.440122
2.4401395
2.4402127
2.440252
2.4401944
2.4400551
2.4398422
2.4397511
2.4395537
2.4394686
2.4394708
2.4395669
2.4397528
2.4398513
2.4398863
2.4399261
2.4401047
2.4403188
2.4403949
2.4403608
2.4403598
2.4403617
2.4403636
2.4403942
2.440497
2.4405339
2.4405284
2.4405692
2.4404664
2.440362
2.440268
2.4401608
2.4400654
2.4399672
2.439961
2.4398959
2.4398973
2.4399772
2.4399447
2.4399025
2.439892
2.4399643
2.440065
2.4400656
2.4401188
2.4401157
2.4399295
2.4399295
2.4398382
2.4398017
2.4396808
2.4395924
2.4395492
2.4395561
2.4396002
2.4397097
2.4397802
2.4399145
2.4400501
2.4402113
2.4403758
2.4405751
2.440723
2.4408724
2.4410903
2.4412653
2.4413984
2.4415526
2.441845
2.4422195
2.4425006
2.4427993
2.4431736
2.4435558
2.443795
2.4440572
2.4445143
2.4448318
2.4448555
2.4449282
2.4450521
2.4453356
2.4456823
2.4460113
2.4462583
2.4464035
2.4464493
2.4464178
2.4463334
2.4463065
2.4463377
2.4463992
2.4464662
2.446529
2.446498
2.4463804
2.4463804
2.4463046
2.4462845
2.4462848
2.4462194
2.4461977
2.446251
2.4463418
2.446424
2.4464598
2.4464784
2.4464495
2.4464314
2.4463813
2.4463603
2.4464037
2.446503
2.446632
2.4466941
2.4467165
2.4468355
2.4469204
2.4469392
2.4468243
2.4467096
2.4466574
2.4466221
2.4466248
2.4466197
2.4466503
2.4465253
2.4463108
2.4461691
2.445957
2.4458904
2.4458485
2.4457989
2.4458504
2.4459665
2.4460242
2.4460843
2.4461138
2.4462724
2.4464004
2.4465702
2.4467843
2.4469633
2.4470282
2.4469554
2.4469554
2.4469593
2.447074
2.4470646
2.4469576
2.446906
2.4469633
2.4468644
2.4466612
2.446479
2.4464085
2.4463172
2.4463143
2.446233
2.4461515
2.4462094
2.4462857
2.4463193
2.4464154
2.4466004
2.4468834
2.447207
2.4474707
2.4476829
2.4479234
2.4480736
2.4481823
2.4482608
2.4483016
2.448349
2.4484506
2.4485445
2.4487
2.4489286
2.4491978
2.4494302
2.4496942
2.4498944
2.4499686
2.4500763
2.4500637
2.4499924
2.4499633
2.4500265
2.4502428
2.4505146
2.4506664
2.4508376
2.450977
2.450977
2.4510372
2.451199
2.4514132
2.4516127
2.4518313
2.4520752
2.452348
2.4526987
2.4529293
2.453174
2.4533377
2.4534402
2.453436
2.4535089
2.453608
2.453719
2.4536898
2.4535775
2.4535544
2.4536371
2.4536247
2.4535573
2.453544
2.4535992
2.453602
2.4535234
2.4536204
2.4538562
2.4539096
2.4539654
2.4539225
2.453852
2.4537811
2.4537334
2.4536562
2.453545
2.453498
2.453537
2.4534795
2.4532647
2.4530423
2.4529512
2.452937
2.4528606
2.45277
2.4527898
2.4528205
2.4527123
2.4527123
2.4526541
2.4527261
2.4527144
2.4526649
2.452594
2.4527094
2.4528415
2.452968
2.4532123
2.4535558
2.453763
2.453991
2.454183
2.4544108
2.454621
2.4548485
2.4550328
2.4551542
2.4551184
2.455036
2.454984
2.4549363
2.455076
2.4551237
2.4550219
2.4548297
2.4546375
2.4545588
2.45432
2.4540668
2.4538455
2.4536736
2.453523
2.4533727
2.4531367
2.4529767
2.4528446
2.4525294
2.4521725
2.4518723
2.451626
2.4514248
2.4513974
2.4514549
2.4514627
2.4513788
2.4513621
2.4512875
2.4512875
2.451252
2.4509897
2.4506288
2.4502053
2.44994
2.4497757
2.4497426
2.4497414
2.449733
2.4497724
2.4497225
2.4497201
2.4498384
2.4499738
2.450088
2.4500837
2.4501402
2.4503274
2.4505324
2.4506452
2.4508798
2.4512746
2.4516675
2.4520078
2.4523685
2.452746
2.4530962
2.4533584
2.4535422
2.453703
2.453986
2.4542594
2.4544983
2.454594
2.4547634
2.4551198
2.4554124
2.4557397
2.4559839
2.4563262
2.4567022
2.4570277
2.4573588
2.457813
2.458206
2.4585562
2.45879
2.4590578
2.4590578
2.4593627
2.459705
2.459939
2.4601326
2.460258
2.4604888
2.460647
2.4608483
2.4609535
2.46118
2.4613278
2.4614758
2.4616416
2.4618607
2.4620671
2.4622483
2.462357
2.4625053
2.4626644
2.4627197
2.4628398
2.4630237
2.4631882
2.4633656
2.4635003
2.4637048
2.4638724
2.4639525
2.464
2.46402
2.4641688
2.4642363
2.4643393
2.4644294
2.464541
2.4647417
2.464947
2.4651446
2.46531
2.4655163
2.4655693
2.4656012
2.4655774
2.4655795
2.4655187
2.4655423
2.4655848
2.4657927
2.4657927
2.4658577
2.4658816
2.4659207
2.466127
2.4662442
2.4664636
2.466749
2.467077
2.4673667
2.467541
2.4677508
2.4679382
2.4681053
2.4682488
2.4683607
2.4685688
2.468756
2.4689307
2.4690511
2.4690557
2.4691358
2.4692729
2.4693713
2.469391
2.469467
2.469599
2.4696803
2.469705
2.4698224
2.4699192
2.469789
2.469666
2.469561
2.4694247
2.469301
2.4692225
2.4692154
2.469204
2.4690797
2.4689744
2.4689546
2.4689505
2.4689786
2.4691522
2.4693553
2.4696229
2.469888
2.4700866
2.4700866
2.4702003
2.4703374
2.4704792
2.470611
2.470672
2.470696
2.4708045
2.4710371
2.471216
2.471319
2.47149
2.4717302
2.4718971
2.472031
2.4721687
2.4724517
2.4727342
2.4729447
2.4730883
2.473197
2.4732726
2.4733536
2.473483
2.473596
2.4737153
2.4737883
2.4738226
2.4737964
2.4737685
2.4737656
2.4736242
2.4734943
2.4732554
2.4729612
2.47269
2.4724882
2.4723575
2.4722965
2.4722478
2.4722528
2.472175
2.4721768
2.4720666
2.4719727
2.4718988
2.4718938
2.4718409
2.4719498
2.4719498
2.4719827
2.471976
2.4719167
2.4718316
2.471675
2.471578
2.4713879
2.4712186
2.4710228
2.470861
2.470814
2.4707568
2.470722
2.4707067
2.470663
2.4706924
2.470742
2.470816
2.4707968
2.4707763
2.4708433
2.4708872
2.4710016
2.4711025
2.471274
2.4714048
2.4715052
2.47152
2.471534
2.4715903
2.4715466
2.4714594
2.4713657
2.4713807
2.4713676
2.4713836
2.4713926
2.4714746
2.4715202
2.4716098
2.4717338
2.4718823
2.4719834
2.4719326
2.4719794
2.4719765
2.471979
2.4720292
2.4720292
2.4721296
2.4722166
2.4722595
2.47236
2.47241
2.4724426
2.4724774
2.4725738
2.4727845
2.472969
2.4731233
2.4732163
2.4733183
2.4733262
2.4732943
2.4732637
2.4732969
2.4733384
2.473355
2.4732862
2.4731228
2.472965
2.4729075
2.4727812
2.472697
2.4725654
2.4725177
2.472515
2.4724905
2.4724672
2.472384
2.4722595
2.4721446
2.472002
2.4719026
2.471799
2.4717124
2.471605
2.4715538
2.4715605
2.471623
2.4717047
2.4718325
2.471959
2.4719918
2.472082
2.4722617
2.472413
2.472413
2.4725626
2.4726572
2.4726982
2.4727116
2.4727292
2.4726834
2.472643
2.4726403
2.4726987
2.4727194
2.4727297
2.4727852
2.4729073
2.4730442
2.473242
2.4734542
2.4737
2.4739177
2.474123
2.4743078
2.4745162
2.4746563
2.474783
2.474916
2.4749832
2.4750311
2.475072
2.4750943
2.475126
2.4750752
2.4749815
2.4748812
2.4747527
2.4745533
2.4743717
2.474167
2.473996
2.4738626
2.4736757
2.473464
2.4733195
2.473221
2.4731472
2.4730632
2.472973
2.4729183
2.4729223
2.472962
2.472962
2.4729342
2.4728985
2.4729269
2.4729078
2.4729414
2.4729824
2.4730163
2.473098
2.4732044
2.4733157
2.4733598
2.4733837
2.4733374
2.4732828
2.4732604
2.4732833
2.473323
2.4733899
2.4735017
2.4736204
2.4737365
2.4738276
2.4739277
2.474012
2.4740307
2.4740279
2.4740586
2.474085
2.474141
2.4742167
2.4741971
2.474231
2.4743063
2.4744344
2.4745607
2.4747376
2.4747946
2.474865
2.4748838
2.4749222
2.4749072
2.474857
2.4748092
2.474729
2.474577
2.4744756
2.474424
2.4743514
2.4743514
2.4743319
2.474327
2.4742997
2.4742982
2.4743254
2.4743743
2.4743638
2.4744077
2.474439
2.4744341
2.4744294
2.4744067
2.4744148
2.474412
2.4744434
2.474489
2.4745157
2.4745393
2.4745567
2.4745789
2.4746177
2.4745917
2.4745677
2.4745395
2.4745836
2.4746463
2.4747467
2.4748693
2.475013
2.475163
2.4752562
2.4753149
2.475368
2.4753995
2.4754336
2.4754765
2.4754925
2.4754925
2.475491
2.4755065
2.4755054
2.4755476
2.4755871
2.475617
2.475659
2.4756742
2.4756982
2.475708
2.475708
2.4757266
2.4757404
2.4757318
2.4757092
2.475681
2.4756448
2.4755924
2.4755704
2.475578
2.4756236
2.4756563
2.475677
2.4757175
2.475739
2.4757466
2.475771
2.475813
2.475892
2.4760292
2.4761033
2.4761922
2.476256
2.4763308
2.4763896
2.4764607
2.476529
2.4765964
2.476626
2.4766343
2.4766154
2.4766197
2.4766088
2.4765735
2.4765363
2.4764986
2.4764352
2.4764113
2.4764245
2.4763758
2.4763255
2.47629
2.4762518
2.4762018
2.4761753
2.4761436
2.4761207
2.476113
2.4761107
2.4761107
2.4761143
2.4761267
2.476128
2.4761124
2.4760933
2.4761043
2.476095
2.476077
2.4760337
2.4760075
2.4759884
2.4759674
2.4759278
2.4758904
2.4758627
2.4758573
2.4758427
2.4758399
2.4758482
2.4758604
2.4758599
2.475867
2.475855
2.4758322
2.4758227
2.4757996
2.4757817
2.4757802
2.4757977
2.475832
2.475887
2.4759398
2.4759867
2.4760256
2.4760768
2.47614
2.476212
2.4762785
2.476336
2.4764004
2.4764626
2.4765313
2.4765944
2.476666
2.4767332
2.476782
2.476839
2.4768689
2.4768689
2.476872
2.476878
2.4768767
2.4768717
2.4768758
2.4768739
2.476883
2.476898
2.4768946
2.476896
2.4768944
2.4768941
2.4768934
2.476899
2.4768965
2.4768946
2.4769018
2.4769032
2.4769058
2.4769046
2.476896
2.4768827
2.4768631
2.4768531
2.4768505
2.4768453
2.4768426
2.4768465
2.476845
2.476855
2.4768755
2.4768891
2.4768903
2.476899
2.4769008
2.476904
2.476901
2.4768891
2.4768765
2.4768667
2.476867
2.4768622
2.476847
2.4768324
2.476816
2.4767978
2.4767842
2.4767714
2.475708
