1.0
0.999998
1.000075
1.0004348
1.0010018
1.0016129
1.0022838
1.0029004
1.0036336
1.0044265
1.005226
1.0059437
1.0067244
1.0075711
1.0083723
1.0092362
1.0100429
1.010888
1.0117946
1.0127579
1.0137645
1.0146301
1.0154787
1.0161289
1.0169019
1.0175931
1.0184181
1.0188987
1.0188237
1.0188528
1.018643
1.0182284
1.017679
1.0171844
1.0166099
1.0161616
1.0156684
1.0152842
1.0149226
1.0146374
1.0143846
1.0141501
1.0140853
1.0141048
1.014211
1.0143467
1.0144413
1.014429
1.0144441
1.0144441
1.0145602
1.0145551
1.0144855
1.0143926
1.0143594
1.0145591
1.0147834
1.0150107
1.0150694
1.0149989
1.014835
1.0144546
1.0140249
1.0136232
1.0132238
1.0129098
1.0125346
1.0121654
1.0120434
1.011983
1.0118836
1.0120213
1.0121223
1.012193
1.01219
1.0122128
1.0121686
1.0121293
1.0120207
1.0118968
1.0117745
1.0116551
1.0114605
1.011221
1.010973
1.0104791
1.0098242
1.008892
1.0077902
1.0066208
1.005445
1.0040654
1.0025575
1.0009559
0.9993586
0.99764246
0.99585235
0.9940126
0.9940126
0.9921158
0.9901896
0.98820174
0.98620945
0.98425037
0.9822553
0.9802424
0.97829086
0.9762854
0.9742619
0.9722131
0.97013247
0.9679943
0.9658077
0.96366584
0.96147937
0.9593746
0.95726216
0.9551361
0.9530085
0.9508487
0.9486857
0.94655645
0.944498
0.9424759
0.9403774
0.93820226
0.9360052
0.933842
0.93163526
0.92944986
0.9272348
0.9250752
0.92285395
0.9206465
0.91844
0.91618913
0.9138677
0.9114898
0.90912265
0.90670955
0.90425646
0.9018082
0.899319
0.89690495
0.8945146
0.892089
0.88962525
0.88962525
0.88715434
0.884687
0.8821815
0.8798919
0.8776728
0.87541544
0.8730821
0.87076396
0.86856145
0.86633134
0.8641731
0.8620492
0.85995084
0.8578046
0.85561293
0.8534376
0.8513055
0.8491873
0.84709096
0.84501994
0.84291995
0.84086466
0.83879167
0.83674735
0.8347997
0.8329414
0.8311124
0.8292197
0.8273138
0.8253878
0.82344115
0.821498
0.81966525
0.8178224
0.81601936
0.8142694
0.8124539
0.8106447
0.8088195
0.8069722
0.80510676
0.8032159
0.8013282
0.79945934
0.79761285
0.7957311
0.7938642
0.7919413
0.7919413
0.7900432
0.7882052
0.78634065
0.7843922
0.7824117
0.78040797
0.77843493
0.77641284
0.7743658
0.77225643
0.7701604
0.7679265
0.76569605
0.7635972
0.7615918
0.75966597
0.7578447
0.75599897
0.7541774
0.7524518
0.7506957
0.74898607
0.7472178
0.7454008
0.7436521
0.74192154
0.7402502
0.7384909
0.7367309
0.73498505
0.73313046
0.7312907
0.72952324
0.72775817
0.72598433
0.72421014
0.7224
0.7206238
0.71876514
0.71693283
0.715042
0.7131571
0.7113496
0.70954674
0.70780486
0.70611984
0.70447356
0.70287704
0.70287704
0.7011942
0.69958615
0.69792795
0.6963691
0.6948567
0.6933215
0.6917571
0.690119
0.68850684
0.6869484
0.6854055
0.6837457
0.6821883
0.6807161
0.6792889
0.67784727
0.6764389
0.6751976
0.67406523
0.6728922
0.6715901
0.67016554
0.6687255
0.667342
0.6659652
0.66465634
0.6634116
0.6621424
0.660848
0.6596026
0.6583938
0.6571521
0.65590435
0.65473324
0.6535448
0.6522898
0.65104634
0.6497716
0.64852506
0.647353
0.6462717
0.6451319
0.6437446
0.6423104
0.6408422
0.63934976
0.63777333
0.636234
0.636234
0.63474905
0.63330233
0.6318631
0.63050663
0.62914497
0.62771624
0.62634593
0.6251067
0.62382865
0.62260425
0.6213573
0.62013733
0.6190286
0.61795187
0.6169147
0.61591566
0.61490643
0.61386645
0.6128661
0.6118379
0.6108073
0.6097185
0.60862565
0.6075614
0.60656375
0.60561734
0.604714
0.6037378
0.60277575
0.601864
0.6009955
0.5999574
0.59893763
0.59788924
0.5969148
0.59600836
0.59515226
0.594211
0.59332347
0.5924644
0.59155726
0.59054756
0.5896087
0.5888121
0.58810294
0.58731127
0.58648497
0.5856999
0.5856999
0.58483785
0.58400744
0.583124
0.5821808
0.581284
0.58050483
0.5798151
0.5791192
0.57850695
0.5778682
0.5772193
0.5766093
0.57599664
0.57535523
0.5747447
0.5741569
0.5736869
0.5731922
0.5726784
0.5721469
0.5716075
0.57097733
0.57026285
0.5695461
0.5687949
0.56805533
0.56724465
0.56649023
0.5657353
0.5650652
0.56449366
0.5640123
0.56342757
0.5629201
0.56245184
0.5620887
0.5616334
0.5611258
0.56061095
0.5600226
0.55941707
0.5587632
0.55815876
0.55754626
0.5570515
0.5564456
0.5557853
0.5551978
0.5551978
0.55459344
0.5541564
0.55377334
0.5533252
0.55285823
0.5524108
0.55201256
0.55155677
0.55127674
0.5509731
0.5506805
0.55021125
0.5497363
0.5492002
0.54866827
0.5480526
0.5475639
0.54707265
0.54654115
0.5462718
0.54600364
0.5457481
0.54553115
0.54534966
0.54506296
0.5448892
0.5446333
0.5444156
0.5442037
0.54399115
0.5438437
0.54380006
0.5438
0.5437834
0.54362935
0.5434517
0.5432957
0.5431045
0.54292053
0.5426592
0.5423901
0.54214454
0.5418953
0.5415742
0.54125786
0.54077095
0.540318
0.5398279
0.5398279
0.5393272
0.538951
0.5385861
0.53835124
0.5381496
0.5379272
0.5376967
0.53743994
0.5371657
0.5368662
0.53671944
0.53653926
0.53633946
0.5361516
0.5360937
0.53599024
0.53584635
0.53575766
0.53566283
0.5356319
0.535698
0.53582865
0.53574234
0.5357312
0.5355262
0.5352746
0.5349811
0.534573
0.5340853
0.5336974
0.5334276
0.53321475
0.5333279
0.53349024
0.5336366
0.53377545
0.5339891
0.53414714
0.5341429
0.5339461
0.533715
0.53354424
0.53331393
0.5332022
0.53305864
0.53303546
0.5329268
0.5327793
0.5327793
0.5326413
0.53236896
0.5320361
0.5317119
0.53133
0.53091156
0.53049845
0.5300432
0.5300208
0.5298774
0.5298863
0.5295691
0.52933055
0.529075
0.5289919
0.52870315
0.52859193
0.52875775
0.52894926
0.52934617
0.5296874
0.5300244
0.53028876
0.5304525
0.5306179
0.5309491
0.531325
0.53168166
0.53202194
0.53224957
0.5325377
0.5330646
0.5334763
0.5337031
0.53396094
0.5342081
0.5344119
0.53464115
0.53490114
0.5350814
0.5351605
0.5351524
0.53516257
0.535143
0.5352458
0.5353098
0.53561187
0.53606296
0.53606296
0.5366346
0.53719014
0.5374997
0.5377367
0.5378498
0.53788376
0.53804946
0.5383919
0.53857356
0.5387413
0.5389066
0.5391714
0.5393529
0.5394804
0.5396785
0.5399262
0.54000974
0.540082
0.539996
0.5399267
0.5398403
0.5397739
0.539934
0.5400184
0.54027045
0.540563
0.54075813
0.54098946
0.541212
0.5415046
0.5417298
0.5419293
0.54219717
0.54240936
0.5425294
0.5426353
0.54264194
0.54264534
0.54279035
0.5428094
0.54275817
0.5426977
0.5426082
0.54241925
0.5421931
0.5418668
0.54157054
0.5411731
0.5411731
0.5407028
0.5402019
0.539665
0.53918767
0.5387266
0.53826386
0.5378377
0.53757805
0.53733593
0.5371276
0.53718305
0.5371972
0.53706133
0.5371473
0.5373065
0.5374148
0.53753686
0.5376832
0.53782725
0.5379039
0.5379649
0.53807056
0.53808534
0.5380652
0.53800786
0.53811854
0.538332
0.5386896
0.5390683
0.53937465
0.53955674
0.5397631
0.53996956
0.5400782
0.5400981
0.5400342
0.5399969
0.539987
0.5400056
0.5399947
0.5401589
0.5401099
0.54006475
0.54026467
0.540585
0.54081196
0.54135513
0.54180586
0.54180586
0.54211414
0.54245114
0.542815
0.54315233
0.54329133
0.5433783
0.54320884
0.54312205
0.5431
0.54319406
0.54308695
0.5431018
0.543318
0.54339767
0.54341644
0.5433039
0.54337436
0.54350084
0.5436326
0.5436562
0.54367816
0.5436433
0.5435452
0.5434089
0.5431815
0.5428526
0.5425882
0.5423528
0.5422234
0.5421367
0.5421651
0.54213923
0.54212826
0.54206795
0.5420328
0.54214615
0.54219776
0.54250145
0.5426331
0.5426964
0.54291564
0.5431306
0.54326403
0.54331285
0.5433138
0.54357165
0.5439459
0.5442627
0.5442627
0.5443539
0.5444293
0.54440016
0.5445402
0.5446059
0.54463845
0.5446185
0.5445457
0.5443616
0.54428506
0.54422504
0.54417896
0.5440697
0.54385716
0.5437334
0.54369
0.5436185
0.54357594
0.5434941
0.54340374
0.54330903
0.5431961
0.54296213
0.5427211
0.5425574
0.5425019
0.542342
0.54229695
0.5425118
0.54265076
0.5427818
0.5428744
0.5428693
0.5428303
0.54277587
0.5426725
0.5428571
0.5428323
0.5427892
0.5428891
0.54300153
0.5433443
0.5433965
0.5432042
0.5430401
0.54280275
0.54270464
0.54236275
0.54236275
0.5420155
0.54162604
0.5412801
0.5410354
0.54090977
0.5408091
0.54092175
0.5409738
0.54098487
0.5409968
0.54101974
0.54114527
0.5410498
0.5407391
0.5404302
0.5402921
0.5403355
0.54048276
0.5405857
0.54059386
0.5406069
0.5407268
0.54087925
0.5410105
0.5411431
0.541272
0.54148006
0.5416626
0.5418719
0.54205966
0.54222935
0.5421992
0.5420799
0.5420787
0.5422865
0.5426615
0.54281926
0.5428047
0.542855
0.54275936
0.5426379
0.5426889
0.54289794
0.543358
0.5437763
0.5444886
0.5453197
0.54620695
0.54620695
0.5468297
0.5472395
0.5476333
0.5480754
0.54849505
0.5489493
0.5494801
0.54986507
0.55022115
0.55058324
0.5508257
0.55103904
0.5513804
0.5515695
0.55170953
0.5518137
0.55202156
0.55224895
0.55236036
0.5526009
0.5528377
0.55304646
0.55325854
0.5534394
0.55339384
0.5533585
0.55337113
0.55340385
0.55344164
0.55341697
0.5533154
0.55335677
0.55344814
0.5534303
0.5532982
0.5533318
0.5534888
0.55366665
0.5538225
0.553788
0.55373925
0.55372876
0.55371445
0.5535808
0.55322284
0.5529263
0.5526488
0.55240536
0.55240536
0.5523163
0.5524293
0.5524633
0.5526066
0.552764
0.55282897
0.55283374
0.5528001
0.5529851
0.55331624
0.55356526
0.5535488
0.55357116
0.55394346
0.55419827
0.5543785
0.5543626
0.55430555
0.55446887
0.5546758
0.55488205
0.55486643
0.5546835
0.5545762
0.5545177
0.5544888
0.5543813
0.5541902
0.55399406
0.55388767
0.5541359
0.55440366
0.5545071
0.5546239
0.554687
0.55456984
0.5543218
0.55407345
0.5537603
0.5536819
0.5536239
0.5536227
0.553761
0.55384123
0.55388063
0.5539328
0.554108
0.55416757
0.55416757
0.55419827
0.5542124
0.5543498
0.5546571
0.5549392
0.5552845
0.55540663
0.5556201
0.5558345
0.5561695
0.5564004
0.5566708
0.5565541
0.55638057
0.5564487
0.55638486
0.55637
0.55623186
0.5560605
0.5557643
0.55539685
0.55501807
0.55446416
0.5540683
0.553921
0.5538514
0.55372304
0.5533635
0.5530142
0.55269724
0.55257815
0.55253977
0.5523313
0.5519901
0.55188644
0.5518996
0.5519969
0.55171764
0.55152833
0.5513548
0.55122036
0.5512451
0.5512644
0.551225
0.5512055
0.55115795
0.55106574
0.5507621
0.5507621
0.5500272
0.54919535
0.5485763
0.5482528
0.54786074
0.5474975
0.54714775
0.5467612
0.54654455
0.5463537
0.5462155
0.54606116
0.54579157
0.54555315
0.5455695
0.54561377
0.5454866
0.5453893
0.54544383
0.54569745
0.5457667
0.5458092
0.5457065
0.5455868
0.5453835
0.5450743
0.54476994
0.5444661
0.5441948
0.5436807
0.5432141
0.54294264
0.5429218
0.54290825
0.54283565
0.54271513
0.5427552
0.54278004
0.54275763
0.54268914
0.5422993
0.54178345
0.5416486
0.5415657
0.5414856
0.54156744
0.5418816
0.54216385
0.54216385
0.54237396
0.5423172
0.54202807
0.5417594
0.541633
0.5418813
0.5420915
0.5423775
0.54273534
0.5430172
0.5431236
0.5430564
0.54289794
0.5425984
0.54215086
0.54169977
0.5411515
0.5408426
0.54083055
0.5408312
0.5409805
0.5411725
0.5415487
0.5416941
0.5417546
0.54155076
0.54125094
0.5410004
0.54079926
0.5404788
0.54014343
0.5397771
0.5395493
0.5392287
0.53909516
0.5386846
0.5383562
0.53808546
0.53810525
0.5379699
0.5377792
0.53759885
0.5374278
0.53725916
0.53735924
0.53760767
0.5379273
0.5383514
0.5383514
0.5388272
0.5394235
0.53979546
0.53995234
0.54023635
0.54061055
0.5409712
0.54126954
0.541746
0.5421227
0.5426542
0.5430477
0.54350805
0.5440958
0.5446119
0.5450937
0.5457127
0.54581875
0.5459669
0.54614645
0.54638076
0.54644704
0.54656655
0.54676086
0.5467629
0.54651725
0.5462091
0.54591376
0.5456088
0.54521817
0.5448917
0.54462785
0.5445257
0.5444853
0.5444262
0.5444095
0.5442849
0.54385823
0.54337406
0.5429021
0.542256
0.54157275
0.54118973
0.5410411
0.5409231
0.54060155
0.5404325
0.5401653
0.5401653
0.54011035
0.5399836
0.5397441
0.53954315
0.5393914
0.5393457
0.53918374
0.5391908
0.5389886
0.5387569
0.53853965
0.5383129
0.5379478
0.53777367
0.53757125
0.5373732
0.5372014
0.53768826
0.5379755
0.5380737
0.53844255
0.5387347
0.53920734
0.5397096
0.5400866
0.54050976
0.54091895
0.54124355
0.54147214
0.5417925
0.54212266
0.5423263
0.5426516
0.54308754
0.54339534
0.5438489
0.54430515
0.544555
0.5445327
0.5445494
0.54467064
0.54462445
0.5446531
0.544418
0.5444621
0.54459244
0.5447665
0.544981
0.544981
0.54511714
0.5451633
0.5453367
0.5455448
0.5456721
0.5458372
0.5460793
0.54633933
0.5467306
0.54716265
0.5474919
0.54762316
0.5478768
0.5479327
0.5479969
0.5483045
0.5485311
0.54872304
0.5488943
0.5488513
0.5489313
0.5491859
0.54955137
0.5501013
0.5505228
0.5509796
0.5514769
0.55191994
0.5524522
0.55293864
0.5536961
0.5541652
0.5544366
0.55518776
0.5560172
0.5565076
0.5569972
0.5575723
0.5576289
0.55758846
0.55761504
0.5576564
0.5575916
0.5574267
0.55728686
0.55716795
0.5571163
0.5571681
0.5571681
0.5573168
0.55726695
0.5570618
0.55661696
0.55611444
0.5555393
0.5550714
0.5546186
0.55416274
0.55367583
0.55303025
0.55273384
0.5524493
0.552088
0.55182683
0.5517747
0.55179906
0.5516096
0.55120933
0.5508217
0.550338
0.5498342
0.54920745
0.5484598
0.54804933
0.54785615
0.54773897
0.547552
0.5473967
0.54710174
0.54694694
0.54697025
0.5467274
0.5463931
0.54615766
0.5459731
0.5456675
0.545426
0.5453733
0.54549354
0.54565847
0.5459102
0.5466788
0.5476246
0.5483315
0.5491526
0.5498597
0.550282
0.550282
0.5505585
0.55081725
0.5510654
0.5511554
0.551221
0.55120385
0.5513139
0.5512396
0.55114794
0.5514336
0.551893
0.55205905
0.5519668
0.55185574
0.55193233
0.5517776
0.5512927
0.55103445
0.5512984
0.5513426
0.5514064
0.5515214
0.55158085
0.5514719
0.55118716
0.55097884
0.5510425
0.5510918
0.5510995
0.5513332
0.55162084
0.5516348
0.55147725
0.55134654
0.5509665
0.5508431
0.550558
0.5502377
0.54991
0.5495113
0.5491394
0.54867685
0.54837215
0.54813135
0.54800534
0.54786235
0.54786843
0.5479435
0.5479435
0.5479878
0.54788005
0.5475249
0.5472023
0.5470572
0.5469924
0.54699576
0.5469166
0.546941
0.54695994
0.54696757
0.547008
0.5470694
0.5470805
0.5469781
0.546826
0.54662335
0.54630566
0.5462406
0.5464982
0.54670894
0.5466968
0.5466068
0.54641414
0.54621685
0.54601854
0.54586035
0.5457649
0.54578835
0.5457561
0.54577214
0.5458233
0.545915
0.5458353
0.5457521
0.5457047
0.54587007
0.54593664
0.545937
0.5459081
0.54606646
0.54608804
0.5458515
0.54561687
0.5455579
0.5455417
0.54545015
0.5452931
0.5452931
0.54534787
0.54540026
0.5456043
0.5459655
0.54635876
0.5467232
0.54681414
0.5466621
0.54644614
0.54651767
0.5466535
0.5465784
0.5466344
0.5467803
0.5469164
0.5468346
0.54679334
0.5468104
0.5468012
0.54677254
0.5467899
0.5468804
0.54696465
0.546906
0.5469151
0.5471168
0.5474042
0.54758626
0.54775935
0.5478482
0.5479093
0.5480498
0.54827964
0.54844505
0.5487655
0.549133
0.5493175
0.5493407
0.5493281
0.54935795
0.5493339
0.5492569
0.54916465
0.5488708
0.54871875
0.5485766
0.5485829
0.5488354
0.5488354
0.54904246
0.54947186
0.54999727
0.55048853
0.5508144
0.5510064
0.551073
0.551099
0.55129606
0.5513566
0.5515057
0.5517043
0.552064
0.5522422
0.55242467
0.55277807
0.55339557
0.5538797
0.55421734
0.5546228
0.55511504
0.55552584
0.55584437
0.5559703
0.5561225
0.5563916
0.5566329
0.556862
0.5572336
0.55754834
0.55782217
0.5577872
0.5575677
0.5575314
0.5574418
0.55732524
0.5573238
0.557357
0.55733997
0.55718774
0.55697846
0.5567764
0.5565034
0.5562614
0.5559094
0.5555987
0.5553008
0.55510795
0.55510795
0.5551123
0.55495936
0.55461687
0.5544972
0.5543527
0.55413914
0.55402386
0.5539454
0.55396944
0.5540836
0.55405617
0.5539452
0.5538239
0.5536914
0.5536141
0.55338055
0.5532209
0.5532078
0.5530367
0.55275905
0.5528203
0.55281806
0.55282426
0.55286133
0.552837
0.5528395
0.55314857
0.55349404
0.553894
0.5542886
0.55486584
0.55525327
0.5553438
0.5553004
0.55520433
0.55493426
0.55459744
0.55438805
0.5544033
0.55416197
0.553905
0.55366284
0.553405
0.5532471
0.5531526
0.5530821
0.55321026
0.5533585
0.5533585
0.5536052
0.5538174
0.55412024
0.55458605
0.5549197
0.5551764
0.5553208
0.55548394
0.5555019
0.5554277
0.55549157
0.55540705
0.55521464
0.5551381
0.55512726
0.55495495
0.5547226
0.55447346
0.5542476
0.5538897
0.5533207
0.55259496
0.5518562
0.55124897
0.5505662
0.5500499
0.5495525
0.5490577
0.5484936
0.5480918
0.5478615
0.54770434
0.54754835
0.5473502
0.5471194
0.54719406
0.5473008
0.5478523
0.5483708
0.5488318
0.5494057
0.54982984
0.5501287
0.5502754
0.55045944
0.55062634
0.5507465
0.55091375
0.55091375
0.5510655
0.55136555
0.55165064
0.5519987
0.55244106
0.55268735
0.5530305
0.5535952
0.5539957
0.5541228
0.5542505
0.55457026
0.55475855
0.5548583
0.55494475
0.5550477
0.5551684
0.55505645
0.5549641
0.55485475
0.5547305
0.554518
0.5541833
0.55415654
0.55419874
0.5543293
0.55441576
0.5547147
0.55503863
0.55542356
0.5557891
0.5559777
0.556047
0.55611783
0.5560584
0.55592054
0.55579937
0.5557237
0.5556955
0.55565745
0.5557439
0.55599713
0.5561966
0.55619293
0.5559345
0.55580854
0.555566
0.5554837
0.5554837
0.55547535
0.55547756
0.5554481
0.5554718
0.5556038
0.55562973
0.55572814
0.5559848
0.55617154
0.55640286
0.5566709
0.5567016
0.5566153
0.5563594
0.55639964
0.5563886
0.55633146
0.55626386
0.5561875
0.5563544
0.5564856
0.55667144
0.55674744
0.55668235
0.55669516
0.55679303
0.55689794
0.55688983
0.55692315
0.5567867
0.55660534
0.5564537
0.5563765
0.5564575
0.5565882
0.5567754
0.5569753
0.5572183
0.5573863
0.55739856
0.5573241
0.5573523
0.55720526
0.55681646
0.55660754
0.5563083
0.55595917
0.5557915
0.5557915
0.55557317
0.5554862
0.5554201
0.55525476
0.55512047
0.5550747
0.5551076
0.5550069
0.5549501
0.55490386
0.55495787
0.55494
0.5547728
0.55464864
0.55448765
0.55427337
0.55396974
0.55379003
0.5537174
0.553828
0.5539493
0.5541147
0.55427754
0.5544227
0.5545776
0.55476475
0.5549451
0.5551939
0.5551298
0.5548154
0.5546045
0.55454624
0.55442476
0.55408263
0.5536546
0.5534796
0.5533488
0.55308807
0.55276954
0.55260026
0.5524773
0.5522606
0.5518423
0.55149597
0.5511411
0.55080265
0.55052674
0.5500846
0.5500846
0.54968905
0.549355
0.549048
0.54868263
0.5484404
0.5482743
0.54831797
0.5482602
0.5482027
0.5479265
0.5478291
0.54791063
0.5481356
0.5483446
0.5485409
0.54864395
0.5488738
0.5490309
0.5492899
0.54954684
0.54991674
0.5499604
0.5499148
0.549918
0.5498009
0.5495339
0.54933757
0.54949504
0.5497211
0.54993266
0.5501549
0.55043006
0.55068123
0.55079913
0.5507531
0.5508257
0.551088
0.55123335
0.5513404
0.55159307
0.5518455
0.5519859
0.55191934
0.551653
0.55139256
0.5512296
0.5509521
0.5505985
0.5505985
0.55020624
0.54975873
0.5494691
0.5491436
0.5489259
0.5488794
0.54898494
0.5491285
0.5491006
0.54900116
0.5491126
0.5492696
0.5494839
0.54966766
0.54980516
0.55002576
0.5502619
0.55049473
0.5507169
0.55088073
0.5509593
0.550823
0.5511336
0.55148256
0.5516068
0.55162376
0.55155206
0.5514741
0.55142635
0.5513136
0.5512317
0.5512234
0.5513419
0.551515
0.5516153
0.55169135
0.5518228
0.5518793
0.5518559
0.5516534
0.55148923
0.5511579
0.55099976
0.55090684
0.5508611
0.5508366
0.55081934
0.55077004
0.55077004
0.55065554
0.5505299
0.5508452
0.55109733
0.5513177
0.5514624
0.551744
0.5518577
0.5519691
0.5519496
0.55202484
0.5521596
0.55230683
0.55229574
0.55251133
0.5527593
0.5529738
0.55307496
0.5530584
0.5531325
0.55313206
0.5528385
0.55271715
0.5527556
0.55290145
0.55289537
0.5529203
0.55297893
0.55303365
0.5529778
0.5527906
0.5526418
0.552512
0.5524575
0.55243206
0.55226433
0.55229616
0.5522299
0.5522172
0.5523683
0.55241835
0.5522823
0.5521784
0.55222315
0.55216765
0.5520491
0.5520563
0.55196345
0.55196345
0.551926
0.5518406
0.55172336
0.5516884
0.5517514
0.5517579
0.5517366
0.5517984
0.5516485
0.5515571
0.55138844
0.55120957
0.55110997
0.5511969
0.55128866
0.55147845
0.55170304
0.55187416
0.55204225
0.55222577
0.55246323
0.5526562
0.55283624
0.55292684
0.5528774
0.55286574
0.55287474
0.55285716
0.55273443
0.55244803
0.5521044
0.5518195
0.55156803
0.55143285
0.55129987
0.55122644
0.5511375
0.5510261
0.55102223
0.55117154
0.5513284
0.55150783
0.5515591
0.5516529
0.55163175
0.5515946
0.5517273
0.5518714
0.5518714
0.5518992
0.5519119
0.55191684
0.5517006
0.55146044
0.5513229
0.5516616
0.5520799
0.55228746
0.5523894
0.55257547
0.552817
0.5527718
0.5525857
0.55248845
0.552534
0.5525873
0.55247194
0.55225074
0.55209947
0.5521092
0.5521111
0.5520733
0.5520001
0.5522218
0.5523559
0.55245
0.55252445
0.5525931
0.5526233
0.5526619
0.55260247
0.55255437
0.552484
0.55245876
0.55252177
0.55267286
0.5527677
0.5528871
0.5530174
0.55304694
0.553069
0.55303913
0.55292124
0.5527895
0.5527356
0.55268353
0.55285406
0.55285406
0.5529778
0.5530723
0.5530678
0.55285203
0.55258095
0.5523137
0.5519842
0.5515516
0.551109
0.5506791
0.5504436
0.5502264
0.5500176
0.54997826
0.5498105
0.5498355
0.549932
0.54994255
0.5499429
0.54995275
0.55003977
0.5499222
0.5496716
0.5494612
0.54939514
0.5491973
0.5489455
0.5486184
0.5483412
0.5479598
0.5477263
0.54748976
0.5473785
0.5474262
0.54757625
0.5476517
0.5478837
0.5478388
0.54777384
0.54772055
0.5474696
0.5471455
0.5470457
0.54702425
0.54692703
0.54693776
0.54701424
0.5469918
0.5469918
0.5470799
0.5472163
0.547524
0.54772806
0.5478545
0.54807407
0.54870164
0.5492153
0.5495988
0.5499676
0.5502828
0.5506936
0.5509221
0.55109555
0.551345
0.5514451
0.5517305
0.5518574
0.5521212
0.5523684
0.5527125
0.55291146
0.5533026
0.5536564
0.55392903
0.55423415
0.55457723
0.5547318
0.5549145
0.55513424
0.55531746
0.5554263
0.5556067
0.55574554
0.5559856
0.5561982
0.55611885
0.5559936
0.5558681
0.55559117
0.55533344
0.5552232
0.55561316
0.55586773
0.5560568
0.5561575
0.55620414
0.5562088
0.5562088
0.55620044
0.5562247
0.5561576
0.55605465
0.55598176
0.55602
0.5559485
0.55570275
0.55568707
0.55565614
0.5556234
0.5556699
0.5557115
0.555837
0.5559576
0.55606216
0.5560895
0.5559479
0.55591625
0.55588865
0.5559279
0.55612284
0.5562827
0.55658376
0.5568366
0.55697286
0.5572469
0.55732274
0.5575271
0.5576014
0.5576309
0.55774134
0.5577413
0.5577307
0.55767334
0.5575553
0.55728257
0.55693376
0.55668426
0.5564647
0.55641973
0.55641305
0.55618733
0.5559507
0.5559072
0.5558976
0.55575705
0.5557428
0.5557428
0.55556595
0.55540895
0.55547994
0.5554696
0.5553338
0.55529994
0.5554022
0.5553736
0.55541205
0.5553106
0.55521375
0.55517846
0.55509967
0.5549235
0.55474377
0.5545009
0.5541919
0.55371296
0.55333096
0.55282307
0.5523242
0.5518976
0.5516066
0.55135906
0.5511194
0.5509448
0.5509821
0.5510817
0.5512115
0.5514334
0.55177873
0.5519789
0.5521811
0.55229115
0.5526519
0.55300325
0.55332494
0.55345803
0.55333066
0.5532708
0.5531773
0.55318815
0.5532489
0.55328155
0.553636
0.55406517
0.5542288
0.5543629
0.5543629
0.55465317
0.5548845
0.55496734
0.5550114
0.5549426
0.554827
0.55459654
0.55441904
0.55422086
0.5539656
0.5536635
0.553323
0.552898
0.55260724
0.5523601
0.5519862
0.5516747
0.5516347
0.55159163
0.5514464
0.5511955
0.5511119
0.5511143
0.55094975
0.55087274
0.55079645
0.55073935
0.5507665
0.5508302
0.5510527
0.5512692
0.55134374
0.5513711
0.5514321
0.55164003
0.5519402
0.5521173
0.55215555
0.55222225
0.5522745
0.5521191
0.5520076
0.5518329
0.5516156
0.55178326
0.5518287
0.551828
0.55179507
0.55179507
0.55167496
0.55156034
0.55129516
0.5510554
0.55100065
0.5508175
0.5506273
0.55029297
0.550075
0.5499884
0.5498687
0.54967016
0.5495771
0.54946375
0.54929364
0.5490936
0.5488393
0.5486711
0.5486861
0.5486697
0.54859495
0.5484828
0.5485162
0.5485631
0.5485353
0.5484466
0.5483116
0.54826504
0.54810196
0.5480416
0.5478376
0.54765505
0.5474203
0.5471704
0.54682165
0.54646885
0.5460956
0.54580903
0.5454713
0.5452639
0.545321
0.5455032
0.54544955
0.54536766
0.5453096
0.5453726
0.5454166
0.5454448
0.5454448
0.54540575
0.5455792
0.5457719
0.54598117
0.54596585
0.5459759
0.54595673
0.54587173
0.545679
0.54567546
0.54573804
0.54575014
0.5457326
0.5455487
0.54554117
0.54568356
0.5455954
0.54532105
0.54502964
0.5447696
0.544678
0.5445724
0.5444277
0.54435384
0.544362
0.54433084
0.54415965
0.5439484
0.5439833
0.54382646
0.54357374
0.54324025
0.5427405
0.54237497
0.54183453
0.5414202
0.5410283
0.5408458
0.5407164
0.5406144
0.5405922
0.5406149
0.54091257
0.54119974
0.54139775
0.5417369
0.54233646
0.542892
0.542892
0.54322994
0.5434662
0.54366606
0.54380995
0.5437834
0.5437396
0.5435774
0.5435047
0.543323
0.54312
0.54306746
0.543175
0.5433148
0.5434324
0.54356986
0.5437335
0.5438892
0.54402274
0.54412025
0.54410255
0.54410255
0.54415774
0.5441813
0.54404104
0.5438199
0.5434564
0.54331815
0.54328865
0.54333836
0.5433391
0.5432711
0.543499
0.5441396
0.5444768
0.5446703
0.5450294
0.5455305
0.5457798
0.5458631
0.54593116
0.546171
0.5462941
0.5462001
0.54615784
0.54613495
0.5461854
0.5462315
0.54604995
0.54604995
0.54580575
0.5456363
0.54555947
0.5455484
0.5457812
0.5460259
0.5461817
0.5461713
0.54613715
0.5460926
0.5461031
0.5461523
0.5460524
0.54587597
0.54566216
0.5455248
0.5455143
0.54571927
0.54611176
0.5465598
0.54691416
0.54718935
0.5474968
0.5478813
0.5482281
0.54853547
0.5488349
0.5491431
0.5493887
0.54970545
0.5499781
0.5500963
0.5501425
0.5499531
0.549878
0.5499621
0.5501266
0.5501267
0.55014634
0.55011505
0.55019695
0.55029565
0.5502208
0.5500334
0.5498745
0.54994065
0.54987746
0.54976267
0.54976267
0.5498338
0.5497634
0.54951674
0.5492996
0.54921377
0.54912907
0.54921025
0.54932946
0.5494211
0.5496879
0.54982525
0.5499431
0.55013055
0.5502996
0.55033964
0.55038375
0.5502143
0.5500936
0.55008703
0.5500442
0.5499444
0.5497935
0.5496799
0.5497187
0.5497737
0.5496897
0.5497766
0.54977834
0.54975116
0.5496737
0.5495588
0.54941535
0.5492459
0.5490378
0.54883474
0.5485779
0.54829526
0.5479916
0.54772866
0.54737234
0.54689234
0.546227
0.5457486
0.545381
0.5449966
0.54462785
0.5443844
0.5444189
0.5444189
0.54436105
0.5444033
0.54442996
0.54453135
0.5446619
0.5449512
0.54502875
0.54520345
0.54537964
0.54544544
0.5453815
0.5452074
0.54497343
0.5448567
0.5446719
0.5444993
0.54445595
0.5444297
0.54450583
0.54440427
0.54419607
0.544031
0.544126
0.54424757
0.5444272
0.5445536
0.5447302
0.5451147
0.54529595
0.5453176
0.5454823
0.5457183
0.54589605
0.54596096
0.54599845
0.54613125
0.54612905
0.54608244
0.54599774
0.5459329
0.5458115
0.54583377
0.54577255
0.54572815
0.54559594
0.54546535
0.5452555
0.54504436
0.54504436
0.5447675
0.54442656
0.54405004
0.54371035
0.5434692
0.543323
0.54348344
0.54346246
0.54341173
0.5432701
0.5430522
0.5429212
0.54279345
0.54273635
0.5426365
0.5426782
0.5427169
0.54278195
0.54273164
0.5424285
0.54217035
0.54193103
0.54157424
0.5412358
0.54107577
0.54094255
0.5406872
0.54044116
0.54017204
0.5400219
0.5399452
0.53985643
0.5396618
0.53954
0.5392846
0.5390636
0.53905785
0.53913534
0.5391879
0.5390972
0.5389078
0.5388198
0.53860706
0.5384181
0.53822505
0.5382104
0.5383341
0.5384385
0.5384385
0.5385901
0.53869265
0.5389679
0.53925866
0.5394989
0.53956425
0.53957534
0.53965205
0.53956026
0.5394041
0.53914875
0.53883916
0.5386095
0.5384118
0.53812754
0.5379705
0.53789574
0.5379722
0.5378885
0.5378228
0.5378469
0.5379733
0.53806853
0.5381706
0.5383277
0.53850555
0.53886473
0.5391788
0.5395086
0.53976774
0.53992873
0.5401156
0.5403489
0.54053545
0.5406304
0.540725
0.54071957
0.5405291
0.5405509
0.5404574
0.54035544
0.5401733
0.5399459
0.53980875
0.5397765
0.539615
0.539501
0.5395115
0.5395115
0.5395953
0.5396288
0.5396699
0.5396379
0.539682
0.53991485
0.54015255
0.54039115
0.54053926
0.5406821
0.5407117
0.5406482
0.54061115
0.5405543
0.5404039
0.54024875
0.54005796
0.5398438
0.53973836
0.539659
0.53951544
0.5393641
0.53924024
0.539155
0.5392559
0.53939486
0.53952163
0.5397641
0.53994274
0.54003453
0.54016715
0.54024255
0.54050004
0.54077256
0.54079586
0.5406406
0.5405092
0.5403389
0.54012644
0.539892
0.539756
0.53967845
0.5395582
0.5393345
0.5391346
0.5388878
0.53872734
0.53846145
0.53846145
0.5382567
0.53813154
0.5379843
0.5378131
0.537725
0.5377448
0.5378983
0.53790456
0.5380547
0.5382457
0.5384007
0.5384009
0.53841084
0.538276
0.5380912
0.5379254
0.53768075
0.53737247
0.5371872
0.53687465
0.5363676
0.53586936
0.5353486
0.53480625
0.5343945
0.53401524
0.5337285
0.53356475
0.533416
0.5332777
0.533132
0.53307927
0.53310394
0.533193
0.53332883
0.533425
0.53347045
0.5333531
0.5332114
0.53319985
0.5332773
0.53325063
0.5331918
0.53325695
0.5335337
0.53356004
0.53406006
0.5343976
0.5343976
0.5347731
0.53525406
0.5358239
0.5362501
0.53659904
0.5370971
0.53765935
0.53824985
0.53874135
0.53908163
0.53938633
0.5395372
0.53979504
0.5399491
0.5401429
0.540248
0.5401674
0.54007435
0.5400713
0.5401621
0.5402415
0.54025316
0.54024845
0.54008573
0.53994256
0.53985345
0.53978014
0.5397094
0.53953123
0.53944063
0.5393623
0.5392467
0.5391668
0.53922004
0.53926724
0.53919846
0.539078
0.5390596
0.5390614
0.5388493
0.5386482
0.53842574
0.53824294
0.53812206
0.5380684
0.5381033
0.5381202
0.538169
0.538169
0.5383683
0.53848845
0.53856975
0.53868157
0.5387061
0.53878886
0.5389014
0.5389213
0.5391254
0.5393739
0.5395315
0.5395769
0.5396609
0.5397426
0.5397189
0.5397129
0.539618
0.5396309
0.53967994
0.5396817
0.539837
0.5401812
0.5405019
0.5407077
0.5409448
0.5410323
0.54102
0.5409783
0.5410661
0.5410619
0.5410749
0.5411316
0.5411384
0.5410221
0.540928
0.54082984
0.5406756
0.5404126
0.54003334
0.5396806
0.53949916
0.5392301
0.5388037
0.5382738
0.53810847
0.5377767
0.5376294
0.5375766
0.5375766
0.5376341
0.5376251
0.53754985
0.5374563
0.53758305
0.5377223
0.537745
0.537876
0.5378554
0.53784394
0.53790915
0.53802025
0.5380314
0.53796434
0.5378144
0.5378064
0.5377481
0.5374731
0.5370779
0.5367877
0.5366073
0.53640807
0.5364159
0.53627175
0.5360759
0.5358516
0.5357163
0.53567475
0.5356048
0.53556186
0.53559
0.53551346
0.53558946
0.5355797
0.53557205
0.5356432
0.5357222
0.53564584
0.53551406
0.53521127
0.5348819
0.5344464
0.534048
0.5337738
0.5335303
0.5332072
0.5328564
0.5324697
0.5324697
0.53213227
0.53168875
0.53137094
0.5312715
0.53115714
0.5309751
0.5305754
0.53042144
0.5301963
0.5300371
0.5299373
0.5298908
0.5300289
0.53021497
0.53048646
0.5307559
0.5309761
0.5311808
0.53131646
0.53140765
0.5314631
0.53145456
0.53146195
0.53148305
0.5313817
0.5311526
0.5309419
0.530769
0.5306701
0.53055173
0.5303866
0.53043497
0.53037167
0.5302909
0.5303425
0.53077537
0.5311965
0.53142023
0.5314473
0.53168297
0.5320351
0.53239334
0.5326681
0.53298116
0.53332853
0.53358173
0.53375703
0.5337323
0.5337323
0.5336569
0.53365356
0.53373
0.53361
0.5335313
0.5333568
0.533056
0.5328985
0.5326454
0.5324405
0.53237736
0.53219676
0.5318979
0.531528
0.53130823
0.5312815
0.5312679
0.5311981
0.5309845
0.53081006
0.5307295
0.5304803
0.5301466
0.5299721
0.52971786
0.5294663
0.5291881
0.528803
0.52871454
0.5288827
0.5291217
0.5291745
0.52907836
0.5291589
0.529126
0.52907896
0.52894634
0.5290102
0.5292367
0.5293198
0.52929556
0.5293301
0.5293939
0.5293125
0.529234
0.5292147
0.52939713
0.52949727
0.52949727
0.5295097
0.5295458
0.5294956
0.52936965
0.529038
0.5287131
0.5284467
0.52818805
0.5278041
0.527439
0.5272707
0.5272479
0.5272517
0.52744144
0.527549
0.5276974
0.5277169
0.5277747
0.52787185
0.5281326
0.5283249
0.52841985
0.52835286
0.5283614
0.5284796
0.52856934
0.52867633
0.5289485
0.52913654
0.5292101
0.52914953
0.5291697
0.5290839
0.5289867
0.5290528
0.5293286
0.5294771
0.52958053
0.52965856
0.5297063
0.5296344
0.5295231
0.52934355
0.5293633
0.52951735
0.5296433
0.52965355
0.52959925
0.52959925
0.5296223
0.5297197
0.52983224
0.5298168
0.5298538
0.5298384
0.52979887
0.52962637
0.5292888
0.5289278
0.5286315
0.5282278
0.527913
0.52769285
0.52757114
0.52747035
0.52726954
0.5271015
0.5268301
0.5268156
0.5268318
0.52677757
0.52698946
0.5272641
0.52746946
0.5276537
0.52793854
0.5281583
0.5283134
0.5283915
0.5284715
0.5285024
0.528735
0.5290289
0.5292476
0.5295638
0.5297264
0.52997494
0.5302986
0.5305694
0.5308797
0.53130126
0.53170145
0.5322393
0.5328976
0.5335041
0.5339222
0.53442204
0.53442204
0.53481257
0.5352168
0.5354923
0.5356642
0.5357364
0.5356509
0.53545505
0.5353104
0.53531575
0.53528935
0.53530216
0.53532463
0.535433
0.535551
0.5356544
0.535701
0.53573936
0.535621
0.53531826
0.53503674
0.53512335
0.53517455
0.535189
0.53522235
0.5350855
0.5349086
0.53470635
0.5343585
0.53407454
0.53388864
0.53366023
0.5333298
0.5331109
0.5330319
0.5328612
0.53258765
0.5321866
0.53166264
0.5313386
0.5309929
0.53046876
0.52988136
0.5293336
0.52906275
0.52879894
0.5285498
0.5283838
0.5282641
0.5282641
0.5281135
0.52804446
0.5279362
0.5277519
0.52758783
0.5273226
0.52684355
0.52645254
0.5260573
0.5256842
0.52534497
0.52507603
0.5249061
0.5247564
0.52468795
0.524549
0.52444106
0.5245416
0.52469224
0.5248419
0.5251024
0.52545094
0.52610576
0.5268104
0.5272871
0.52783227
0.5284715
0.528848
0.52920985
0.52974695
0.530206
0.5305548
0.5307906
0.53084546
0.53089696
0.5308714
0.5308461
0.530881
0.531011
0.53109854
0.5309981
0.53091866
0.5310379
0.5310849
0.5311468
0.5311682
0.5312152
0.53127
0.53127
0.5313274
0.5313484
0.5314951
0.5316816
0.5318399
0.53194815
0.531968
0.5319577
0.53204906
0.532176
0.532208
0.53218144
0.5321583
0.5319747
0.53191334
0.53186053
0.53184557
0.53183395
0.5317779
0.53153235
0.5312818
0.53113955
0.5311576
0.53116506
0.5311939
0.5313156
0.53121936
0.5310894
0.5311151
0.53110135
0.5310636
0.5309504
0.53072536
0.53058183
0.53051203
0.53048176
0.5305532
0.53051287
0.5305828
0.5305406
0.53044933
0.5303457
0.53026307
0.5302093
0.53026307
0.53022075
0.5300647
0.5298976
0.5298976
0.5297333
0.5296874
0.52955806
0.52946246
0.5294051
0.5293078
0.5293473
0.5294274
0.529535
0.52963
0.5296917
0.5296615
0.5297694
0.529851
0.52990836
0.5302206
0.5305069
0.5306056
0.5306384
0.5308031
0.53089154
0.53081834
0.530748
0.53077203
0.53090197
0.530994
0.5310343
0.5310936
0.5312461
0.5312701
0.5310847
0.5310469
0.5309651
0.5309913
0.5309183
0.5307123
0.5304474
0.53025544
0.53017974
0.5301006
0.5300272
0.5300457
0.53014576
0.53012383
0.5301285
0.5301823
0.5302703
0.5303099
0.5303099
0.5302352
0.5301515
0.5300327
0.52998936
0.5298792
0.5296234
0.52936715
0.5291651
0.5288397
0.5285809
0.5282212
0.5279551
0.527772
0.52759564
0.5272702
0.52685636
0.52666867
0.5263621
0.5260467
0.52574563
0.5253963
0.5252319
0.52509737
0.5250258
0.5249433
0.52493536
0.52479
0.52472514
0.52473235
0.5247388
0.52490336
0.52522546
0.52537435
0.5255477
0.5257856
0.525932
0.52606374
0.5260732
0.52610713
0.52601296
0.52584547
0.5256805
0.52552676
0.5253161
0.5250754
0.52502877
0.52509815
0.52515024
0.52515024
0.5250539
0.5248651
0.52470696
0.5244832
0.52416724
0.5238944
0.5237031
0.52364427
0.5236189
0.52362376
0.5238556
0.524091
0.5242662
0.5244343
0.5246212
0.524779
0.52508676
0.525507
0.52586496
0.52606773
0.52631843
0.5266368
0.5269465
0.5271751
0.52726096
0.52739984
0.5276674
0.52773696
0.5277782
0.5278194
0.5279537
0.52795464
0.52796644
0.52792233
0.52815735
0.52834195
0.5285306
0.52878994
0.52907526
0.52930945
0.5293854
0.52932936
0.5292807
0.5292815
0.529219
0.52933735
0.529462
0.5295555
0.5295555
0.52965975
0.5297382
0.52976084
0.5299109
0.530155
0.5305701
0.5308668
0.53099525
0.53106636
0.53111035
0.5310769
0.53101736
0.530881
0.530749
0.53054893
0.53048784
0.5303511
0.5302034
0.5300912
0.5301504
0.5301355
0.5299335
0.5295847
0.5292876
0.5289081
0.52863127
0.5282242
0.5278899
0.52760077
0.5275027
0.52738255
0.5271947
0.5272754
0.52721703
0.5270059
0.5266654
0.52650124
0.5263272
0.52617216
0.5260719
0.52600163
0.52608085
0.52621055
0.5261609
0.5260066
0.52588993
0.5258507
0.52590644
0.52590644
0.5258077
0.5258639
0.52593756
0.52614635
0.52616155
0.5262641
0.5263499
0.52634186
0.526244
0.5261405
0.5260048
0.5258271
0.52568954
0.52554476
0.52529776
0.5253463
0.5252855
0.52524453
0.5252758
0.52532476
0.5253738
0.5252602
0.525028
0.52517223
0.5251813
0.52519685
0.5250342
0.5249779
0.52489465
0.5246839
0.5245171
0.5243712
0.5242605
0.52428937
0.52432585
0.52440315
0.5243863
0.5241183
0.523844
0.5236606
0.5234863
0.52328
0.5233072
0.5233726
0.52331847
0.52323765
0.52318954
0.52323085
0.52323085
0.52345043
0.5234786
0.52337384
0.5232143
0.52308315
0.52299035
0.5228095
0.52261174
0.5226518
0.5226904
0.5226291
0.52256423
0.52265483
0.52262735
0.5224131
0.5220465
0.5218348
0.5216431
0.52156156
0.52161473
0.5217667
0.5219781
0.5221908
0.5221962
0.52213055
0.52221155
0.52236366
0.5226058
0.52271026
0.5228005
0.5227791
0.5227958
0.522948
0.5231601
0.52331364
0.52339834
0.5235901
0.52363694
0.52369505
0.523659
0.5236755
0.5236359
0.52358675
0.52349645
0.5234468
0.52361304
0.5238451
0.5240458
0.5240458
0.5242665
0.5243357
0.5244053
0.52431524
0.5242513
0.52425
0.52435035
0.52447724
0.524711
0.5247456
0.52479416
0.52505237
0.5251998
0.5252375
0.5252915
0.52539736
0.5256356
0.5257629
0.5257542
0.5258549
0.52606857
0.52623546
0.5262166
0.52613944
0.5260434
0.52596265
0.52579314
0.5256752
0.5255121
0.5253506
0.52510303
0.5247202
0.524415
0.5242441
0.52392364
0.5235686
0.5231505
0.5228028
0.52255785
0.5224987
0.5224121
0.5221705
0.52198774
0.5219294
0.5217573
0.52162564
0.52152133
0.5214808
0.5214808
0.5215916
0.52175593
0.5219007
0.5218894
0.52176356
0.5216791
0.5216555
0.5217156
0.5218359
0.5219109
0.5219307
0.52209926
0.5222819
0.5224816
0.522506
0.5225995
0.52276117
0.52286124
0.52302414
0.5231595
0.523358
0.52349144
0.5238429
0.52413607
0.52435553
0.5245601
0.5247833
0.52499014
0.5250563
0.5250545
0.5250112
0.52500033
0.52509147
0.5250188
0.5248703
0.5248275
0.52479786
0.52479076
0.5247021
0.524523
0.5244317
0.52443033
0.52439773
0.5245144
0.5246375
0.5246972
0.5247111
0.5247394
0.5247394
0.5247219
0.5245834
0.5245417
0.5245062
0.5244638
0.52432513
0.524083
0.5239301
0.5237107
0.523525
0.5232183
0.52289385
0.522603
0.5223694
0.52205676
0.52167505
0.5212209
0.5207779
0.5203702
0.51994354
0.51966435
0.5193113
0.51891035
0.5185382
0.5181212
0.51784045
0.51751786
0.5174433
0.5174664
0.5176531
0.5177605
0.5179524
0.51816213
0.5184363
0.51887006
0.51923615
0.5194414
0.519606
0.5197266
0.51989204
0.5200208
0.5200784
0.5201799
0.5204109
0.5206888
0.521001
0.52123034
0.5213661
0.5213661
0.5214072
0.5214779
0.52150214
0.52159613
0.5216901
0.5217925
0.5219482
0.5221439
0.5223578
0.52252114
0.5226101
0.5226497
0.5227073
0.5227501
0.5228809
0.52298033
0.5230944
0.52316284
0.52330315
0.52355266
0.5238263
0.5241217
0.5243486
0.5244591
0.52471894
0.52496386
0.52513385
0.52530336
0.52554125
0.5257896
0.5259621
0.5260933
0.52612966
0.52616566
0.52608085
0.52606237
0.5260642
0.5261176
0.5260787
0.525985
0.5258295
0.5256248
0.5256119
0.5255949
0.52556956
0.5255801
0.5256942
0.525768
0.525768
0.5258294
0.5259626
0.526036
0.526026
0.5260874
0.5261545
0.52621394
0.52628607
0.5263791
0.526494
0.52658653
0.52674603
0.526937
0.5272197
0.5274868
0.5276688
0.52796376
0.5281481
0.528287
0.528369
0.5285117
0.52867883
0.5287957
0.52876437
0.5286864
0.5286554
0.5286044
0.5284687
0.5282512
0.5279847
0.5277487
0.52777815
0.5277714
0.52776766
0.5277344
0.5276826
0.52755463
0.52738607
0.52720195
0.52692187
0.5266441
0.52649397
0.5265435
0.52662927
0.5268006
0.5269042
0.52689064
0.5268917
0.5268917
0.526994
0.52710456
0.52717704
0.52715003
0.52710044
0.52702403
0.52700794
0.5270446
0.5271144
0.5271799
0.5271949
0.5271869
0.527198
0.52719647
0.5271749
0.52719927
0.52722204
0.5272283
0.5272739
0.5272829
0.5272049
0.5272051
0.52718794
0.5271231
0.5271132
0.5270218
0.52692586
0.5268532
0.5268144
0.5268334
0.5267739
0.5266777
0.52661127
0.52678114
0.5269552
0.5270279
0.5270513
0.52708566
0.5271324
0.5271653
0.52721137
0.5272086
0.527134
0.52713406
0.52713096
0.5272918
0.527452
0.5275277
0.5275277
0.52753115
0.5275099
0.52742547
0.52730024
0.5272492
0.527208
0.5271306
0.5270593
0.5269652
0.52682716
0.5267291
0.5266505
0.5265897
0.5265581
0.52654916
0.5264556
0.5263002
0.5261629
0.5260585
0.5259762
0.5258948
0.5257974
0.5256919
0.5256435
0.5256383
0.5255902
0.5255437
0.52542156
0.5252858
0.5252128
0.5251382
0.5250661
0.5250562
0.5250495
0.5251019
0.5252099
0.5253096
0.5253311
0.52529293
0.52522695
0.52514076
0.52513844
0.5251602
0.52517724
0.5251877
0.52521574
0.52525365
0.5252765
0.5252765
0.5252893
0.5252929
0.52527726
0.5253246
0.52535254
0.5253807
0.5253876
0.52541494
0.52548945
0.52553844
0.5255367
0.52557904
0.5256168
0.5256577
0.52566516
0.5256852
0.5256841
0.5256568
0.5256085
0.52561384
0.52565986
0.5256663
0.525633
0.52561885
0.52560437
0.5256262
0.52566814
0.5256769
0.52568084
0.52568144
0.52571976
0.5257258
0.5256863
0.5256934
0.5256777
0.52570206
0.5257259
0.5257517
0.5257516
0.52579856
0.5257889
0.5257447
0.5257116
0.52565026
0.52561
0.525646
0.5256793
0.5256469
0.5256469
0.5256428
0.5256358
0.5256433
0.5256369
0.525689
0.52574044
0.5257989
0.5258498
0.5259447
0.5260626
0.5261227
0.5261439
0.5261312
0.5261142
0.5260865
0.52608716
0.5261172
0.52617687
0.5262459
0.52630997
0.5263361
0.52635926
0.52640325
0.52643615
0.5264374
0.52642447
0.5264275
0.52640617
0.5263474
0.52627265
0.52617514
0.52610344
0.52614766
0.52620345
0.5262248
0.5262583
0.52628
0.5263134
0.5263288
0.5263401
0.5263299
0.5263133
0.52629316
0.5262823
0.52624756
0.52620345
0.5261888
0.5261833
0.5261833
0.5261835
0.5261773
0.5261516
0.5261333
0.5261099
0.52608794
0.52610105
0.5261651
0.5262358
0.5263113
0.52636856
0.52640575
0.52643317
0.52648735
0.52651864
0.52651334
0.5264806
0.5264652
0.5264634
0.5264747
0.5264692
0.52648515
0.52651364
0.52651614
0.5265136
0.5265282
0.5265654
0.52660227
0.5266285
0.5266688
0.5267445
0.52681583
0.52687603
0.52691686
0.52695376
0.5269946
0.5270174
0.52707165
0.5271034
0.52712685
0.52715904
0.5272103
0.5272353
0.5272853
0.5273249
0.5273254
0.52733076
0.5273317
0.5273317
0.52731895
0.5273069
0.5273004
0.5273011
0.5272974
0.52729684
0.5272916
0.5272734
0.5272344
0.5272161
0.527204
0.5271971
0.5271953
0.52721107
0.52723294
0.5272597
0.5272807
0.5272908
0.5272932
0.52729726
0.5273078
0.52731854
0.5273208
0.52730715
0.52729106
0.5272787
0.52726257
0.5272236
0.52719176
0.5271641
0.5271369
0.52711356
0.5270865
0.5270527
0.52703065
0.527007
0.52697986
0.5269563
0.52693236
0.52690727
0.5268872
0.5268649
0.5268481
0.5268361
0.5268318
0.5268237
0.52682436
0.52681726
0.544981
