0.5
0.50003356
0.49981406
0.500305
0.49981105
0.500164
0.49990758
0.4993854
0.49882463
0.49812713
0.49747622
0.49678037
0.4961031
0.4953266
0.4944747
0.49359936
0.49267066
0.4917129
0.49079034
0.4900137
0.48931655
0.48853225
0.48795164
0.48743635
0.48673946
0.48601294
0.48515797
0.4843769
0.48359144
0.48268262
0.4817149
0.4808614
0.48012623
0.47930077
0.47854784
0.47798756
0.47756237
0.47703308
0.47651622
0.47588342
0.47524595
0.47451153
0.47369912
0.47292802
0.47216478
0.47144246
0.4708902
0.47052193
0.4701223
0.4701223
0.46972355
0.4692961
0.46886882
0.4683789
0.46790767
0.46735668
0.46672258
0.46601608
0.4654566
0.46488032
0.46448478
0.46428865
0.46416575
0.46403813
0.46406934
0.46426934
0.4644901
0.4646615
0.46466902
0.46466088
0.46469703
0.46456915
0.46447742
0.46439546
0.4643349
0.46415365
0.46388033
0.4637001
0.4635992
0.46339503
0.46323058
0.46313202
0.46298417
0.4627797
0.46260223
0.46249646
0.46241108
0.46241823
0.4625676
0.46281415
0.46333033
0.46427694
0.46547145
0.46677816
0.4681921
0.46965995
0.47124106
0.4729122
0.4729122
0.47470412
0.47650528
0.47819698
0.47983938
0.4816137
0.48346943
0.48529124
0.48701867
0.48879495
0.4906884
0.4926105
0.4943537
0.49599236
0.4976964
0.499289
0.5007487
0.5020121
0.50340366
0.5048591
0.5061915
0.50749755
0.50878483
0.5100062
0.5112123
0.5125065
0.51390755
0.5154918
0.5167847
0.51788807
0.5188809
0.5199118
0.5212381
0.5226496
0.524239
0.5256694
0.5271577
0.52870715
0.5302749
0.5318267
0.53347623
0.5350595
0.53666896
0.5382575
0.5400236
0.54195964
0.5435905
0.5451295
0.5467903
0.5467903
0.54834723
0.5500415
0.5517022
0.55330974
0.55479676
0.5564667
0.5583039
0.56012636
0.5617462
0.5635203
0.56530154
0.56723654
0.56916547
0.5709789
0.5727374
0.5742844
0.57566094
0.57689154
0.57823753
0.579657
0.58108556
0.58254266
0.5840729
0.58544207
0.5866798
0.5879203
0.58911467
0.5904516
0.59170014
0.5930235
0.59425116
0.5952466
0.5962329
0.59719753
0.59813124
0.5990852
0.59997195
0.600861
0.60173696
0.6025802
0.603354
0.6041099
0.60478216
0.60547775
0.6061512
0.6068451
0.60749406
0.60831714
0.60831714
0.6089818
0.609646
0.61041147
0.61116487
0.6118592
0.61237913
0.6128618
0.61344045
0.61401683
0.6147538
0.6154811
0.61630726
0.617349
0.61831385
0.61925316
0.620113
0.62089795
0.62171
0.62245375
0.6231365
0.6237055
0.6242472
0.6247862
0.6252456
0.62568766
0.6260633
0.62646013
0.62684065
0.627133
0.627341
0.6276705
0.62800556
0.6283049
0.6288067
0.6293357
0.62982994
0.6302989
0.6307058
0.631362
0.6319735
0.6326793
0.63348
0.63437563
0.6351864
0.635991
0.6367027
0.6374351
0.6381621
0.6381621
0.6388431
0.6394863
0.64017034
0.64089197
0.6417213
0.6425534
0.6433061
0.6441515
0.6450365
0.64583945
0.64654773
0.6472687
0.6480039
0.6487621
0.6494832
0.6502121
0.650918
0.6516693
0.65239555
0.653233
0.6543287
0.65542644
0.6563008
0.657067
0.6576803
0.65830445
0.65890336
0.6595292
0.6601847
0.66077393
0.6612959
0.6617561
0.662145
0.6625733
0.6630259
0.6633656
0.66366196
0.6638899
0.664139
0.66434354
0.6647364
0.6650964
0.6656897
0.6661756
0.6664634
0.6666503
0.66692394
0.6671312
0.6671312
0.6673077
0.66748184
0.66762644
0.6677412
0.66784835
0.6680083
0.6681371
0.66825867
0.66841227
0.66852695
0.6687163
0.6688875
0.6692177
0.66960883
0.66997457
0.67048496
0.67095274
0.67139816
0.6718304
0.67219275
0.67247355
0.67265356
0.6728621
0.6730719
0.6733032
0.6736143
0.6739528
0.6743345
0.6747862
0.67514133
0.6754684
0.6758659
0.67628586
0.6766885
0.6770291
0.6773803
0.6778647
0.67829764
0.6786717
0.67906475
0.6793547
0.6795918
0.67989206
0.68021405
0.6805452
0.6807952
0.68107474
0.68131965
0.68131965
0.68152183
0.68167335
0.68197507
0.6821756
0.68253833
0.68287903
0.68336344
0.68377423
0.68423754
0.68465585
0.68499005
0.68534535
0.6856671
0.68583447
0.68625754
0.6867247
0.6872401
0.6877421
0.68824583
0.6887067
0.6891076
0.6895384
0.689803
0.69000435
0.6901275
0.6902896
0.6904878
0.69074225
0.6909369
0.69136024
0.69174385
0.6921783
0.6925918
0.6931338
0.6937052
0.6942538
0.6946307
0.6949283
0.69535
0.6956692
0.6959782
0.6962403
0.6965308
0.6967
0.69718426
0.6975591
0.6977682
0.6980332
0.6980332
0.6982497
0.6986611
0.69910645
0.6994371
0.69976586
0.7000556
0.70043194
0.7007415
0.7013262
0.70187
0.7024529
0.70290637
0.703293
0.7037404
0.70415175
0.7044879
0.7047889
0.70510143
0.7054649
0.7059637
0.70644796
0.70700747
0.7076314
0.70819193
0.70880246
0.70964396
0.71033114
0.71105677
0.7117673
0.71243775
0.71320766
0.7140649
0.7149469
0.7158798
0.7166773
0.7174203
0.7181542
0.71881145
0.7194079
0.71987915
0.7202606
0.72061527
0.72095466
0.721303
0.7215805
0.7216931
0.72180206
0.7218492
0.7218492
0.7219378
0.72220886
0.72241116
0.7226705
0.7229594
0.72326905
0.7236164
0.7238874
0.7240988
0.7242374
0.72447383
0.7246892
0.72490597
0.7251633
0.7254469
0.72566813
0.725868
0.72614145
0.72654855
0.726998
0.7275992
0.72823215
0.72866917
0.72919536
0.7295597
0.7298585
0.7301376
0.73040456
0.73058784
0.7307695
0.7309854
0.7312564
0.7317545
0.7322287
0.73266685
0.73310024
0.7336588
0.7342196
0.7346617
0.7349818
0.73527056
0.73556703
0.73579377
0.73609495
0.7363532
0.73665065
0.7368903
0.7370665
0.7370665
0.73727816
0.73737156
0.73741084
0.7375365
0.73768157
0.7378174
0.73792017
0.7379525
0.73833996
0.73862237
0.73899734
0.73919904
0.7393616
0.7394335
0.73973215
0.73993134
0.7402394
0.7406716
0.7410351
0.7415612
0.7420479
0.7425386
0.7429816
0.7433676
0.74364865
0.74401826
0.7444021
0.74477804
0.7451467
0.74543595
0.7457485
0.74639255
0.74701273
0.7474917
0.74793696
0.74836606
0.7488251
0.7493113
0.74997395
0.75055236
0.7509545
0.75124276
0.75170875
0.7521389
0.7526568
0.7531298
0.75377005
0.75443494
0.75443494
0.75519
0.755902
0.75647914
0.75704986
0.7575418
0.7579929
0.7586168
0.75934505
0.7599735
0.760608
0.76119345
0.76184756
0.76242554
0.76294076
0.7635317
0.7641637
0.7646875
0.7652201
0.76560974
0.7659484
0.76634276
0.7667462
0.76717764
0.7675508
0.768004
0.7685381
0.7690412
0.76959395
0.77013963
0.7706879
0.7711602
0.7716381
0.77217704
0.77264214
0.77298576
0.7733753
0.7737036
0.7740376
0.77448916
0.77482796
0.7750818
0.77529967
0.775506
0.7756957
0.77592033
0.77608395
0.7761957
0.7762913
0.7762913
0.77629906
0.77636254
0.77639306
0.7764958
0.7765861
0.7767179
0.77683955
0.77703947
0.77726406
0.7774453
0.77785474
0.77826875
0.77853537
0.77895266
0.77947104
0.7799397
0.7804409
0.78089887
0.78128237
0.7815981
0.78189856
0.7821895
0.78237724
0.7825778
0.7827639
0.78311414
0.78355974
0.7840147
0.78443444
0.7848302
0.7851259
0.7854546
0.78584546
0.7861846
0.78645563
0.7866644
0.78689474
0.7871307
0.7873887
0.7876121
0.78787005
0.78803235
0.78816116
0.78845686
0.78887117
0.7892221
0.7897608
0.79026026
0.79026026
0.7906785
0.79115313
0.79164326
0.79216945
0.79261965
0.7929761
0.793149
0.79347193
0.7938832
0.7943956
0.79460776
0.7948144
0.7952281
0.7955506
0.7958625
0.796064
0.7963645
0.79674065
0.7971727
0.79759455
0.7979674
0.7982793
0.7986139
0.79889697
0.79912233
0.7993142
0.7995371
0.79979306
0.800158
0.80052876
0.8008874
0.80119616
0.8015138
0.8017517
0.8019643
0.80222243
0.8024453
0.80287284
0.80315405
0.803413
0.8038722
0.8043584
0.80475205
0.80503845
0.8053025
0.8057884
0.806291
0.8067023
0.8067023
0.8069426
0.8072917
0.80762434
0.8081088
0.8085621
0.80891496
0.80913234
0.80934227
0.80946356
0.8096944
0.80995
0.81029385
0.8105964
0.8107179
0.81074786
0.8108381
0.81093824
0.811123
0.8113769
0.81159437
0.8117425
0.81183326
0.8118661
0.8119487
0.81207174
0.81228185
0.8123787
0.81247556
0.8127398
0.8130107
0.8133525
0.8137257
0.8140633
0.81430507
0.8145036
0.8146459
0.8149941
0.81527984
0.815535
0.81568056
0.8157725
0.81611156
0.8163771
0.8165646
0.816738
0.81683105
0.8169613
0.8168784
0.8168784
0.8167796
0.8166578
0.8166218
0.81660193
0.81654996
0.8165484
0.81668556
0.81689847
0.8171741
0.81746346
0.81770563
0.8180288
0.8182593
0.81835604
0.81846935
0.8186414
0.8188733
0.8191861
0.8195144
0.81988645
0.82022905
0.820595
0.8210552
0.8215199
0.8220386
0.82253844
0.82301456
0.8234292
0.8238666
0.8242761
0.82469916
0.8250171
0.8252145
0.825399
0.82567275
0.8261252
0.8264921
0.8268098
0.8272093
0.82747096
0.82773805
0.8281935
0.8287356
0.82953525
0.8302718
0.83130604
0.8323918
0.8335362
0.8335362
0.8344886
0.83529204
0.83600014
0.83671904
0.837444
0.83820236
0.83898675
0.83965045
0.8403012
0.84091556
0.8413791
0.84184074
0.8425347
0.8431765
0.8436238
0.8439618
0.844323
0.8447437
0.84515315
0.8455862
0.8459038
0.8461889
0.84653294
0.84695697
0.8473434
0.847701
0.8480125
0.8483083
0.8486783
0.8491418
0.8495382
0.8500297
0.8504827
0.85085356
0.85124457
0.85181934
0.8524673
0.85305893
0.85355926
0.8539355
0.8542778
0.8546294
0.85493743
0.85515547
0.8551683
0.855151
0.8551409
0.8552259
0.8552259
0.8554708
0.8557706
0.8558773
0.8560444
0.85625803
0.8565454
0.8568914
0.85718346
0.8574996
0.85786206
0.85827285
0.8586442
0.8590408
0.85970616
0.8602175
0.86064357
0.86092997
0.86115634
0.8614926
0.86182797
0.8621693
0.86238265
0.862543
0.86278117
0.86310494
0.86345613
0.86366665
0.8638088
0.86395115
0.86415285
0.8646542
0.8651446
0.865423
0.8657106
0.86598533
0.86619115
0.86636597
0.8664996
0.8665269
0.866682
0.8668827
0.86725646
0.8677205
0.8681318
0.86841065
0.8686043
0.86894804
0.86926943
0.86926943
0.86953354
0.8697617
0.8699482
0.8702315
0.87055254
0.87102044
0.8714327
0.8719215
0.87236506
0.872854
0.8732734
0.8737276
0.87398714
0.8741933
0.8744371
0.87457246
0.87475574
0.8749096
0.8750446
0.87507695
0.8751442
0.875214
0.87513965
0.875225
0.8754673
0.8758069
0.876097
0.87624985
0.8763736
0.87651265
0.8767509
0.877077
0.8774322
0.87768656
0.87786555
0.87808007
0.8785098
0.8788267
0.87913865
0.87933165
0.8793887
0.87963855
0.88004553
0.8804588
0.8808408
0.8810985
0.8813761
0.8816559
0.8816559
0.8818496
0.88200474
0.8820895
0.8820967
0.8820005
0.88191134
0.881892
0.88188225
0.88185656
0.8818058
0.8818004
0.881921
0.8821745
0.88244545
0.8827238
0.88297784
0.8831334
0.88336635
0.8836034
0.88390917
0.8839948
0.88411325
0.8842856
0.8844782
0.88453174
0.8844679
0.8844179
0.88445204
0.88471854
0.88497
0.88518405
0.8853317
0.88551176
0.8856888
0.88590145
0.8862189
0.8865962
0.8868399
0.886948
0.8870249
0.88706887
0.8870713
0.8873256
0.88748163
0.88757867
0.887681
0.8879824
0.88826585
0.88826585
0.8886054
0.88883984
0.8889504
0.88903034
0.88921195
0.8896797
0.89008087
0.89047784
0.8908314
0.8911502
0.8913737
0.891582
0.89183927
0.89207745
0.8922931
0.8924613
0.89240867
0.89243907
0.8927951
0.8931685
0.89369947
0.8941512
0.8946466
0.8949703
0.89530236
0.89553034
0.8958127
0.89604414
0.8962176
0.8962591
0.8964404
0.89670324
0.89714587
0.8974689
0.8977804
0.89797574
0.898271
0.8986135
0.8991681
0.8995173
0.89969194
0.89989245
0.9001949
0.900638
0.9012331
0.90166634
0.90189385
0.9021157
0.9021157
0.90242016
0.903071
0.90361977
0.90400976
0.90430284
0.90464544
0.9050966
0.90554625
0.90612775
0.9065744
0.90686905
0.9070804
0.9074766
0.9080033
0.9084785
0.90894145
0.9094716
0.90983707
0.9101836
0.9104847
0.91080594
0.9110115
0.911157
0.91120946
0.9112055
0.91121876
0.91123396
0.9112851
0.9112826
0.9111651
0.9111672
0.91119015
0.9114046
0.9117784
0.91219497
0.9125631
0.9128829
0.91310096
0.91323
0.91329473
0.9133661
0.9133496
0.9132621
0.9132945
0.9135931
0.91380954
0.91397977
0.91408026
0.91408026
0.9145431
0.9149958
0.91532224
0.9156243
0.9160441
0.91644603
0.91675884
0.9172088
0.91746306
0.91762465
0.9177278
0.91796625
0.91824824
0.91848767
0.9186023
0.9188411
0.9191675
0.91981375
0.9203673
0.92076916
0.92121196
0.92161673
0.92230594
0.9230057
0.92353624
0.92419076
0.9248556
0.9254164
0.9259208
0.92641276
0.9269622
0.92748594
0.92804414
0.92863154
0.92912054
0.9297283
0.93025565
0.9306376
0.9308111
0.9311242
0.9315242
0.93178064
0.9320628
0.93229234
0.93281245
0.9333731
0.9338001
0.9341888
0.9341888
0.934595
0.93504167
0.9355273
0.93591225
0.93624175
0.93677485
0.9374274
0.93815005
0.93880177
0.9394311
0.9400814
0.94059855
0.9410736
0.94145155
0.9418406
0.94224834
0.94258624
0.94292593
0.9433302
0.94367445
0.94402474
0.9443591
0.9446684
0.9451515
0.94561124
0.94605076
0.9464726
0.94693303
0.9474166
0.9477917
0.9483745
0.9488612
0.9492148
0.9498002
0.95028496
0.9506415
0.95113033
0.9516375
0.95191133
0.95223683
0.95258296
0.9528894
0.9531828
0.95341516
0.9536666
0.9539865
0.954297
0.9545448
0.9545448
0.9548824
0.9550984
0.95528567
0.955429
0.95555896
0.9556601
0.9558563
0.9558951
0.9559478
0.95605874
0.95607483
0.9561975
0.9562944
0.95637095
0.9564393
0.9564565
0.95652556
0.95658433
0.9565541
0.9564217
0.9561822
0.95607877
0.95596236
0.95570683
0.9556498
0.9557896
0.95610315
0.9562525
0.95635086
0.9564366
0.95666707
0.9570085
0.95717007
0.957233
0.95729095
0.9574006
0.9573594
0.9573441
0.9574787
0.9577912
0.958127
0.958486
0.9592158
0.96013665
0.9609305
0.9617516
0.9624537
0.9630136
0.9630136
0.9635004
0.96396464
0.9643917
0.96474296
0.9651404
0.9654107
0.9657426
0.9659243
0.96608657
0.96648407
0.9669432
0.96722525
0.9673806
0.9675088
0.96776056
0.9679281
0.967837
0.96788615
0.9682569
0.96849215
0.96876585
0.9690644
0.9693293
0.969458
0.9693785
0.9693334
0.96943617
0.9695674
0.9696595
0.9699115
0.9702024
0.9702715
0.9701997
0.97022504
0.9701189
0.97014433
0.97003216
0.969924
0.96989226
0.9698369
0.9698167
0.96974766
0.9698672
0.9699595
0.9700952
0.9702311
0.9703714
0.97046155
0.97046155
0.97059417
0.9706862
0.970665
0.9706324
0.97067237
0.9707971
0.97094804
0.9709944
0.9711813
0.97133166
0.9715632
0.9718432
0.9720489
0.97214174
0.97220737
0.97216964
0.97203547
0.9719389
0.9720614
0.9723048
0.9723639
0.97238606
0.9723901
0.9722726
0.9720935
0.9719998
0.971958
0.97183424
0.97178376
0.97174513
0.9718365
0.97194296
0.97208935
0.9721303
0.97220534
0.9722256
0.9723222
0.9723446
0.9723229
0.97228354
0.972419
0.9724711
0.9724198
0.97241247
0.9725256
0.9726753
0.97282434
0.9728774
0.9728774
0.9729812
0.9730416
0.97312737
0.9733255
0.97361577
0.9738185
0.97382003
0.97375166
0.9736284
0.9735907
0.9734892
0.9733538
0.9736433
0.97378993
0.97393787
0.97410303
0.974344
0.97445714
0.97461355
0.9748422
0.9750504
0.97517866
0.9752584
0.9752046
0.97516835
0.97520334
0.97540075
0.97554344
0.9757363
0.9759508
0.9762436
0.97656703
0.9769223
0.97723556
0.97765106
0.9780122
0.9781164
0.978128
0.9782701
0.9785637
0.97876966
0.9788776
0.97905123
0.9789965
0.9790216
0.979115
0.97934014
0.9797913
0.9797913
0.9800867
0.98073786
0.9814681
0.98209757
0.9825808
0.9829736
0.9832996
0.9835451
0.98384696
0.9841287
0.9846427
0.98508364
0.98554176
0.9859158
0.9863767
0.9868321
0.98732716
0.9877404
0.98816913
0.98863035
0.9890337
0.98939466
0.9898444
0.99003
0.9902578
0.9906425
0.99105513
0.9913818
0.9917846
0.99215114
0.99247634
0.9925179
0.99243945
0.99253356
0.9925885
0.9925804
0.99277174
0.99298173
0.9931039
0.9930254
0.9929913
0.9929804
0.9928908
0.99281603
0.9927956
0.9928452
0.9928821
0.99305934
0.99305934
0.9934691
0.9936627
0.99357265
0.99362296
0.99365205
0.99361193
0.9936521
0.9938104
0.99403465
0.99430513
0.9943729
0.99446195
0.9944749
0.9944188
0.994399
0.99434954
0.99428016
0.99434596
0.9943234
0.9941743
0.9941996
0.9942073
0.9942473
0.9942863
0.9942458
0.99426943
0.99449533
0.9947437
0.99500656
0.9953028
0.99568933
0.9958945
0.99589825
0.99586403
0.9958114
0.9956859
0.9955095
0.9954743
0.9956061
0.9953769
0.9952851
0.995316
0.99524117
0.99523956
0.99533564
0.9954348
0.9954614
0.9955605
0.9955605
0.99581623
0.9960664
0.9963277
0.99669415
0.99693745
0.99716264
0.9972572
0.9972704
0.99728256
0.9973348
0.997442
0.9973587
0.99736977
0.9975751
0.9977458
0.99773633
0.99783695
0.9980608
0.99818003
0.9980846
0.99793833
0.9977285
0.9973948
0.9970119
0.99667066
0.9965335
0.9963556
0.9960685
0.995749
0.9956106
0.9955339
0.9954303
0.99541545
0.9954646
0.99544394
0.9955838
0.99587166
0.9964403
0.99688476
0.99720615
0.9975632
0.9978117
0.99800503
0.9980618
0.99816376
0.99825764
0.9983228
0.9985185
0.9985185
0.9986741
0.99905425
0.9995281
1.0000134
1.0005685
1.0008755
1.0012736
1.0017666
1.0020655
1.0021607
1.00227
1.0024892
1.0025742
1.0026147
1.0027384
1.0027796
1.0027558
1.0026593
1.0027318
1.0027555
1.0026346
1.0024347
1.0021892
1.0021048
1.0019844
1.0019742
1.0019791
1.0021763
1.0022131
1.0022213
1.0023617
1.0024248
1.0023192
1.002128
1.0020097
1.0020638
1.002126
1.0021439
1.0022285
1.0023588
1.0026089
1.0028268
1.0029913
1.0031329
1.0031043
1.0031782
1.0030977
1.0032488
1.0032488
1.0034736
1.0035527
1.0035325
1.0036434
1.0038483
1.0039184
1.003956
1.004148
1.0043026
1.0044714
1.0046793
1.0047673
1.0047951
1.0047642
1.0050647
1.0051497
1.0051324
1.0051342
1.0051407
1.0052156
1.005296
1.0054553
1.0055707
1.0055104
1.0055779
1.0057597
1.0059594
1.0060968
1.0062658
1.0063018
1.006348
1.0063763
1.0063714
1.0064471
1.0065405
1.006666
1.0067418
1.0067626
1.0067779
1.006731
1.0066202
1.0065805
1.006432
1.0061406
1.0061723
1.0060966
1.0058956
1.006092
1.006092
1.006272
1.006497
1.0066503
1.0068134
1.0069863
1.0070713
1.0072814
1.0074999
1.0077697
1.007899
1.0080372
1.0082462
1.0083545
1.0083797
1.0083554
1.0083296
1.0082475
1.008207
1.008226
1.0083323
1.0085024
1.0086215
1.0087643
1.0089095
1.0090338
1.0091014
1.0091578
1.0092938
1.0091805
1.0088875
1.0087273
1.0086876
1.0085258
1.0082705
1.0080532
1.0079764
1.0078294
1.0075297
1.0073017
1.0071826
1.0069355
1.0066075
1.0062253
1.0059907
1.0056814
1.0053583
1.0051805
1.0050026
1.0050026
1.0048136
1.0044916
1.0042785
1.0041232
1.0040144
1.0038592
1.0039455
1.0040648
1.0041027
1.0038787
1.0037827
1.0039511
1.0041939
1.0043372
1.0044198
1.0044018
1.0045009
1.0044959
1.0045483
1.0045675
1.0046884
1.0045332
1.0042857
1.0041336
1.003915
1.0035498
1.0032812
1.0033052
1.0033267
1.0033274
1.0032947
1.003267
1.0031912
1.0031147
1.0029095
1.0028777
1.0029496
1.0028956
1.0028411
1.0030093
1.0031345
1.003132
1.0029663
1.0028279
1.0026762
1.0025063
1.0021971
1.0018467
1.0018467
1.0015734
1.0012172
1.0008844
1.0006062
1.0005101
1.0005882
1.0007303
1.0008193
1.000775
1.0006444
1.000583
1.0005169
1.0005227
1.000492
1.0004001
1.000363
1.0003337
1.0003684
1.0004563
1.0005409
1.0005832
1.0005021
1.0009937
1.001443
1.0016435
1.0017909
1.0018603
1.0019104
1.0020024
1.00206
1.0021447
1.0021648
1.002235
1.0022936
1.0022829
1.0022545
1.0022502
1.0021926
1.0021
1.0019311
1.0018905
1.0017053
1.0016763
1.001709
1.0017132
1.0017219
1.0016721
1.001584
1.001584
1.0013955
1.0011361
1.0012636
1.0013595
1.0014819
1.001582
1.0017853
1.0017681
1.001753
1.0017185
1.0017605
1.0018873
1.0020838
1.0021867
1.0024471
1.0026805
1.0028954
1.0030755
1.0031334
1.0032163
1.0032433
1.0030513
1.0030646
1.0031747
1.0032394
1.0031799
1.0032178
1.0032598
1.0032363
1.0032827
1.0032303
1.0032454
1.003168
1.0030824
1.0030178
1.0028328
1.0028242
1.0027503
1.0027262
1.0029099
1.0030005
1.0029395
1.0029052
1.0030451
1.0030472
1.002991
1.002991
1.0028539
1.0028539
1.0026399
1.0024105
1.0022292
1.0020866
1.0018855
1.0017385
1.0016166
1.001542
1.0012919
1.001208
1.0011095
1.0010103
1.0008618
1.0008818
1.0008546
1.0007887
1.0007168
1.0006808
1.0006804
1.0006589
1.0006628
1.0006831
1.0007446
1.000735
1.0006093
1.0005797
1.0006148
1.000552
1.0004207
1.0001311
0.99981767
0.9995524
0.99929386
0.99917084
0.99910426
0.9990796
0.99899036
0.9988498
0.9988048
0.9988741
0.99890965
0.99893075
0.99890393
0.9989774
0.9989329
0.9989188
0.99909306
0.9991863
0.9991863
0.9991954
0.99922806
0.99925405
0.9991427
0.9990119
0.99900204
0.99939936
0.9997292
0.9998647
0.9999806
1.0001539
1.000329
1.0002449
1.0000725
1.0000201
1.0000648
1.0000359
0.999918
0.99975926
0.99966526
0.99958986
0.99949217
0.99944985
0.9993707
0.99942935
0.99939287
0.9993607
0.99934757
0.99928653
0.99915445
0.99906754
0.998973
0.9988874
0.9986629
0.9984698
0.99834675
0.9983942
0.99826616
0.9981281
0.99809664
0.9980524
0.99792075
0.99772185
0.9974641
0.9972512
0.9970451
0.9967736
0.99669755
0.99669755
0.99659985
0.99647987
0.9962807
0.9959114
0.9955654
0.9953404
0.99505997
0.9946943
0.9944078
0.9941204
0.99387556
0.9936153
0.99337703
0.99323976
0.99293154
0.99276954
0.99259627
0.99235064
0.9921178
0.9918787
0.99157536
0.99111855
0.99057734
0.9901517
0.9898581
0.9894586
0.98900175
0.98849344
0.98804516
0.9875052
0.987142
0.9867939
0.98654336
0.9863767
0.98631805
0.98617184
0.9862618
0.9862327
0.9862667
0.98627275
0.98609775
0.98579115
0.9856805
0.98552203
0.9852696
0.98514104
0.98510104
0.9849818
0.9849818
0.9849175
0.9849326
0.9851573
0.98522544
0.98528653
0.9854006
0.98596597
0.9863883
0.9866507
0.98687464
0.98711455
0.987419
0.98760647
0.9877795
0.9880026
0.9880608
0.98817766
0.98820686
0.9883359
0.98852164
0.9887777
0.9889603
0.9893605
0.9896791
0.9899408
0.99021435
0.99050206
0.9905934
0.99074996
0.9909194
0.99104553
0.99114877
0.99133366
0.991485
0.9917905
0.9919278
0.9918311
0.99168855
0.99152845
0.99124473
0.99094087
0.9907543
0.99121946
0.9915647
0.9918289
0.9920219
0.99216205
0.9922085
0.9922085
0.99220705
0.99222755
0.99214965
0.9920589
0.9920028
0.9920226
0.99195755
0.9917506
0.99166274
0.99159276
0.9914713
0.9913668
0.991328
0.9913408
0.991322
0.9912671
0.9911428
0.9908738
0.9906972
0.9905173
0.9904365
0.9905091
0.99061036
0.9908102
0.9909805
0.99103624
0.9912256
0.99126166
0.9913814
0.99139285
0.9913935
0.99150777
0.9915394
0.9915322
0.9914881
0.9914529
0.9913138
0.99106115
0.990946
0.9908364
0.99110353
0.9913172
0.99139017
0.9913736
0.9914251
0.99147445
0.9913877
0.991422
0.991422
0.9913555
0.991397
0.99155706
0.99162215
0.99157935
0.99160415
0.99170285
0.9916744
0.99162173
0.99146223
0.99126196
0.99112606
0.9910091
0.9907921
0.99056643
0.99036574
0.99017256
0.98987126
0.98958296
0.9892348
0.9888957
0.98858833
0.98829365
0.988019
0.9877673
0.9875706
0.9874587
0.9874058
0.9873576
0.98740524
0.98747116
0.987395
0.98735654
0.9872855
0.9873433
0.9873877
0.9874806
0.9874735
0.98730975
0.98723465
0.9871183
0.9871549
0.98719287
0.98714375
0.9872227
0.98739934
0.98743117
0.9873962
0.9873962
0.9874081
0.9874071
0.98732865
0.9871952
0.9869868
0.9867259
0.98648226
0.98627716
0.9860687
0.9858568
0.985641
0.98540765
0.98513716
0.984925
0.98477167
0.9845301
0.9843457
0.98423725
0.98415685
0.98398674
0.98373395
0.98358786
0.9834609
0.9832742
0.98317033
0.9830681
0.98298055
0.9829926
0.9830456
0.983157
0.98336506
0.98350835
0.9836658
0.9837388
0.9838325
0.9839362
0.98398966
0.98395425
0.9839305
0.9839084
0.98376507
0.98368466
0.98354983
0.98342496
0.9835451
0.98359936
0.98359466
0.9835665
0.9835665
0.9835037
0.98350406
0.98337954
0.9832315
0.9831312
0.9829847
0.9828736
0.9826962
0.9824895
0.9823812
0.9823062
0.9822378
0.98219895
0.9820411
0.981872
0.98174185
0.9815891
0.9814635
0.98137033
0.9812397
0.981141
0.9810955
0.98111653
0.9810982
0.9810591
0.9810211
0.9809442
0.98114336
0.98123145
0.9813294
0.98133284
0.9812926
0.98119694
0.9811034
0.98095465
0.98081017
0.98058766
0.98038834
0.98017114
0.98000944
0.9799137
0.97983056
0.9796499
0.97947776
0.97931486
0.9792167
0.9791719
0.9792021
0.9792021
0.9791546
0.97926563
0.9793927
0.9796021
0.9797159
0.979814
0.9798943
0.9799514
0.9800195
0.98016226
0.98026973
0.98033285
0.98038995
0.98038507
0.98043686
0.9805187
0.9805143
0.9804521
0.98039377
0.9803121
0.98028564
0.9802562
0.98020756
0.98018587
0.98015356
0.980111
0.98002934
0.97992945
0.9799257
0.9798102
0.9796518
0.97946286
0.9791792
0.97894627
0.97864044
0.97841513
0.9782153
0.97808045
0.977976
0.9778862
0.9778118
0.9777389
0.97773445
0.97775704
0.9777484
0.9777858
0.97787637
0.97792685
0.97792685
0.97790784
0.9778866
0.9778544
0.977769
0.9776604
0.97757685
0.97747016
0.97737926
0.97722423
0.97708696
0.97700244
0.9769341
0.9768747
0.9768097
0.97676784
0.9767678
0.9767406
0.976725
0.976686
0.9766607
0.9766505
0.97663873
0.9765736
0.97645324
0.9763031
0.9761142
0.9759893
0.9759317
0.97589415
0.9758389
0.97579926
0.9758897
0.9761338
0.97628325
0.97637486
0.9765296
0.97665954
0.9767368
0.97675985
0.9768026
0.9768676
0.97689885
0.9768782
0.97686607
0.9768586
0.9768668
0.97687256
0.9768115
0.9768115
0.9767066
0.976653
0.9766258
0.97663486
0.97667456
0.9767095
0.97670376
0.97666025
0.9766287
0.97662514
0.97659653
0.9765796
0.9765009
0.9764003
0.9762901
0.97617817
0.976106
0.9761129
0.97621316
0.97632074
0.97642964
0.9765463
0.97669834
0.97691613
0.9771303
0.9773549
0.97755814
0.97776246
0.9779752
0.9782594
0.97852296
0.9787164
0.97890234
0.9790114
0.97912943
0.97928065
0.97943944
0.97953695
0.97960067
0.97967184
0.9798013
0.9799563
0.9800862
0.9801568
0.98018235
0.98025084
0.9802839
0.98030686
0.98030686
0.9803616
0.98037547
0.9803444
0.9803082
0.98026574
0.9802113
0.9801724
0.980149
0.9801402
0.98017585
0.9801914
0.98019403
0.9802125
0.9802054
0.98016614
0.9801403
0.98007536
0.980025
0.979991
0.9799588
0.97989815
0.9798214
0.97973984
0.9797123
0.9797077
0.9796748
0.9796962
0.9797044
0.9797047
0.9796907
0.9796609
0.9796475
0.9796271
0.9795817
0.9795237
0.97946256
0.97940475
0.9793379
0.9792637
0.97916144
0.9790476
0.97887534
0.9787259
0.97860515
0.9784807
0.9783681
0.97827816
0.9782518
0.9782518
0.978238
0.9782337
0.97826517
0.9782867
0.97830397
0.97836393
0.9784052
0.9784726
0.97853506
0.9785921
0.978618
0.9786193
0.978579
0.9785528
0.9785249
0.97850525
0.97851145
0.97851115
0.9785194
0.97849894
0.9784681
0.97843254
0.97842187
0.9784226
0.97846603
0.97849715
0.97850627
0.97855985
0.9785861
0.9785976
0.97861564
0.9786294
0.978628
0.9786271
0.9786305
0.97862595
0.9786015
0.97859275
0.9786092
0.97863626
0.97864026
0.97865224
0.9786456
0.97864866
0.9786259
0.9786047
0.9785668
0.97854435
0.97854435
0.97853374
0.97851807
0.9784964
0.9784828
0.9784712
0.9784602
0.97845495
0.97843575
0.9784169
0.9783912
0.97835344
0.9783187
0.9782851
0.9782531
0.978216
0.9781862
0.9781556
0.9781359
0.9781148
0.97807974
0.9780517
0.9780275
0.97800714
0.9779841
0.9779636
0.9779424
0.9779067
0.97786987
0.97783256
0.97779894
0.9777671
0.97774136
0.97771096
0.9776919
0.9776641
0.9776343
0.97761697
0.97761357
0.9776089
0.97759247
0.977568
0.97755146
0.9775271
0.977511
0.9774951
0.9774798
0.977468
0.9774541
0.9797913
