0.5
0.49999538
0.5001092
0.5005553
0.50115854
0.5017818
0.5024594
0.50309956
0.5038476
0.50463194
0.50542563
0.5061583
0.5069448
0.5077889
0.5085993
0.5094622
0.51029843
0.5111633
0.5120922
0.51307404
0.51409936
0.515038
0.51595443
0.51663715
0.5173864
0.5179915
0.5187248
0.51894414
0.5185844
0.51820165
0.5176224
0.51688653
0.5160621
0.5152676
0.51442575
0.51370186
0.51296484
0.51232755
0.51174086
0.51124585
0.5107883
0.51035756
0.5100749
0.5098744
0.5097689
0.5096981
0.5096061
0.50942177
0.50925565
0.50925565
0.5091808
0.50900126
0.5087455
0.5084789
0.5082153
0.50813675
0.50807905
0.5079711
0.50773084
0.50736374
0.50690365
0.50625443
0.50556
0.5048951
0.50422794
0.50367016
0.5030545
0.5024474
0.5020265
0.501654
0.501269
0.50109327
0.5009102
0.5007038
0.50043434
0.50021505
0.4999457
0.4996844
0.49936542
0.49905246
0.4987614
0.4984899
0.49816975
0.49783006
0.4975324
0.4971602
0.49680382
0.4964912
0.49615225
0.4958214
0.4954513
0.4950614
0.49462306
0.49415365
0.49348846
0.49266213
0.49154344
0.4904631
0.4904631
0.48924637
0.4878446
0.48634392
0.48470443
0.4830079
0.4812036
0.47932616
0.4774838
0.4755853
0.47366893
0.4716745
0.4696262
0.46751595
0.4653542
0.46324518
0.46108732
0.45901963
0.45691583
0.45481607
0.45268038
0.45049152
0.44828737
0.44609362
0.44396716
0.44187906
0.4397255
0.4375254
0.43528542
0.43310744
0.43089435
0.4287254
0.4265519
0.42444
0.4222443
0.420052
0.41789797
0.4157199
0.41346303
0.41113794
0.4088135
0.40644804
0.4040408
0.40163872
0.3991945
0.39679295
0.39445874
0.39209253
0.38968435
0.38968435
0.38724005
0.3847799
0.38226867
0.37995473
0.3776926
0.37536073
0.37294716
0.37053823
0.3682922
0.36607748
0.3638296
0.3615631
0.35930398
0.35699406
0.35466808
0.35242867
0.35024476
0.34806776
0.34593403
0.343838
0.34171525
0.33965343
0.3376181
0.33562553
0.33373794
0.33194515
0.33016995
0.3283136
0.32644203
0.32456303
0.3226769
0.32079569
0.3190551
0.31730282
0.31558806
0.3139131
0.31216338
0.3104232
0.30869132
0.30696255
0.30524093
0.3034973
0.3017466
0.30000475
0.2982747
0.29650402
0.29475126
0.2929814
0.2929814
0.2912362
0.2895632
0.28787288
0.2860957
0.28427675
0.2824345
0.28062236
0.2787698
0.27689368
0.27495763
0.27303112
0.27096897
0.26891616
0.2670046
0.26516962
0.26342815
0.26178193
0.26011285
0.25845626
0.25690243
0.25532058
0.2537986
0.25223377
0.25063062
0.24908505
0.24754646
0.24607375
0.24454804
0.24303721
0.24153675
0.23994942
0.23837821
0.23686016
0.23533757
0.23380613
0.23228958
0.23073702
0.2292048
0.22758664
0.22600605
0.22436209
0.22276615
0.22124813
0.21972547
0.21825437
0.21682708
0.2154477
0.21411707
0.21411707
0.2127249
0.21138927
0.21000098
0.208698
0.20745206
0.2061797
0.20486717
0.2034802
0.20214792
0.20087254
0.19958559
0.19817342
0.19682054
0.19552495
0.19424272
0.1929602
0.19173124
0.19068326
0.18971317
0.18868712
0.18754803
0.18633623
0.18514536
0.1840687
0.18302278
0.18200997
0.18100849
0.17996217
0.17887375
0.1778119
0.17677458
0.17571695
0.17465243
0.17364222
0.1726079
0.17149411
0.17038305
0.16924755
0.16815488
0.1671212
0.1661682
0.1651716
0.16404824
0.16287436
0.16163671
0.16037078
0.15901889
0.15767223
0.15767223
0.15634876
0.15502502
0.15367028
0.15239094
0.15111038
0.14976583
0.14842467
0.14718466
0.14593965
0.14470898
0.14345758
0.14222886
0.14110498
0.13996801
0.1388719
0.13783091
0.13677774
0.13571359
0.13468415
0.1336497
0.13263176
0.13157006
0.13052583
0.12951855
0.1285542
0.12764257
0.12675415
0.12582608
0.12491179
0.124021925
0.12317571
0.12219393
0.121242836
0.12025381
0.119321436
0.118420176
0.11759674
0.11670217
0.11585644
0.11504546
0.1141902
0.11324251
0.11235722
0.11154827
0.11079807
0.11000939
0.10920773
0.10846898
0.10846898
0.107676975
0.10689273
0.10609014
0.10523436
0.104437836
0.10371248
0.10305575
0.102386884
0.101770945
0.10113662
0.10049957
0.09987137
0.09924945
0.09859566
0.097987406
0.097384006
0.09686869
0.09635807
0.09583849
0.09531465
0.09475902
0.09413355
0.093404874
0.09266862
0.09190808
0.09114749
0.09035185
0.08961473
0.088903196
0.08831376
0.08780791
0.0873819
0.08688967
0.086442865
0.0860306
0.08568368
0.08524381
0.08475761
0.08427211
0.08372296
0.083161384
0.08254778
0.082001865
0.08141569
0.08096463
0.080437504
0.07983053
0.079274125
0.079274125
0.078710675
0.07827212
0.07785714
0.07738801
0.07690282
0.07643492
0.076014444
0.07556554
0.07533728
0.07511164
0.07488142
0.07450011
0.07409269
0.073670164
0.07325628
0.07277657
0.07235102
0.07193944
0.0714864
0.07124467
0.07100689
0.07077564
0.07057587
0.07038316
0.07014764
0.070036866
0.069866166
0.069743864
0.0696087
0.069472745
0.069368646
0.06935271
0.0693473
0.0693599
0.06926005
0.069160715
0.06909435
0.06899337
0.068895824
0.06872085
0.06853221
0.068355836
0.068194486
0.067990534
0.06778654
0.06741873
0.06709909
0.066733785
0.066733785
0.06635003
0.06606545
0.06577832
0.06560683
0.0654524
0.06526321
0.06505941
0.064821005
0.064536855
0.06420771
0.06402857
0.06381997
0.063597836
0.063386835
0.06329191
0.06316588
0.062998295
0.0628919
0.06280978
0.06275833
0.06283363
0.06293528
0.062856846
0.06283781
0.06267904
0.0624562
0.062216356
0.06189403
0.06151656
0.061216813
0.06100143
0.060831103
0.06091669
0.06102064
0.061093345
0.061138313
0.06128145
0.061411034
0.061437372
0.06130582
0.061205916
0.06112872
0.06099965
0.060959075
0.060881373
0.06087359
0.060806166
0.060717877
0.060717877
0.060666468
0.06049892
0.06030019
0.06010939
0.059862673
0.059558187
0.059266325
0.058921866
0.058927555
0.058824357
0.058825374
0.05853651
0.05830786
0.05806808
0.058022294
0.05777587
0.057663817
0.057798587
0.05795352
0.058239095
0.058469158
0.05870354
0.058862474
0.05894741
0.059029818
0.059286762
0.05960338
0.059887774
0.060124677
0.06027972
0.060485445
0.06095829
0.061350323
0.06159681
0.061849255
0.06204773
0.062236097
0.062428284
0.06265448
0.062779956
0.06282027
0.06276913
0.062763885
0.06270804
0.0627395
0.062750004
0.0630581
0.06346941
0.06346941
0.063976906
0.06445881
0.0647449
0.06495703
0.06509364
0.065168
0.06539261
0.065820925
0.06608742
0.06632126
0.06653025
0.066838644
0.06706794
0.067249335
0.06746706
0.06771852
0.06784289
0.0679799
0.06800076
0.06801386
0.06803961
0.06805975
0.06824831
0.06836418
0.06861725
0.06897333
0.06921495
0.0694763
0.06972543
0.07003663
0.07027421
0.07046783
0.070706844
0.07088597
0.0709922
0.071091905
0.07111889
0.071153425
0.07132194
0.0713276
0.07127692
0.07120249
0.07111249
0.07095887
0.07075688
0.07046943
0.07020407
0.06991706
0.06991706
0.06956828
0.06921162
0.06880476
0.06845445
0.068118855
0.06782127
0.0675477
0.06748977
0.067383274
0.06729557
0.06740047
0.067455634
0.067347206
0.06743304
0.06754414
0.067611456
0.06766797
0.06773873
0.06780137
0.067813836
0.067832075
0.06789972
0.067907564
0.06792485
0.067887835
0.067974165
0.068148695
0.0685155
0.068907626
0.0692387
0.06946532
0.069715574
0.069941886
0.07006393
0.070095524
0.07006948
0.07005107
0.070087075
0.07015201
0.07018715
0.07042273
0.070487626
0.07054436
0.0708107
0.07117698
0.071446724
0.07193578
0.072357915
0.072357915
0.07265848
0.073011614
0.07338936
0.07373713
0.07394004
0.074098185
0.074036635
0.07405125
0.074117176
0.07426293
0.07418261
0.07420953
0.074487336
0.07460432
0.07468745
0.07465911
0.07478246
0.074918374
0.075058386
0.07511726
0.07514901
0.07512936
0.07506021
0.07496305
0.074790426
0.07456876
0.074412815
0.074257806
0.07416569
0.074111335
0.07420656
0.07428557
0.074394904
0.07449036
0.07459788
0.0748514
0.07505372
0.0754612
0.0756837
0.07580548
0.076144755
0.07649324
0.0766779
0.076738514
0.0767785
0.076995306
0.07724211
0.077446945
0.077446945
0.07743594
0.07740788
0.07730304
0.0774187
0.07751975
0.077589296
0.077572554
0.07751118
0.077326976
0.07715617
0.07695982
0.07678645
0.07654502
0.07618609
0.07599218
0.07594276
0.07585332
0.07580499
0.07574693
0.075663574
0.07555807
0.075410925
0.07514821
0.07487138
0.07470477
0.07468607
0.07458428
0.07457962
0.07480706
0.074959554
0.07508091
0.07515035
0.07514028
0.07512076
0.07507767
0.0750079
0.07523416
0.07521625
0.07517308
0.07519196
0.07514232
0.07524595
0.07511393
0.074809596
0.07459718
0.07432177
0.074201174
0.07386787
0.07386787
0.073599845
0.073302686
0.07309081
0.07297934
0.07288171
0.07279918
0.0728416
0.07284983
0.07283502
0.07281046
0.07277866
0.07279845
0.07263053
0.07228066
0.07186441
0.071541496
0.07133933
0.07121581
0.07107522
0.07097547
0.07088695
0.070898674
0.07095319
0.07098776
0.071008645
0.07102784
0.071096204
0.07113031
0.07120578
0.07127173
0.07135411
0.07124389
0.07102642
0.07097973
0.07110755
0.071359746
0.07145627
0.07142384
0.07150975
0.07147799
0.0713753
0.07143203
0.07157628
0.07197356
0.07234907
0.0729736
0.07370708
0.07447549
0.07447549
0.07502553
0.075418025
0.0758114
0.07627086
0.07671038
0.07722914
0.07786673
0.07834548
0.07876334
0.07914791
0.07940274
0.079657145
0.080061845
0.08031741
0.08049431
0.08061736
0.08083501
0.08107755
0.081248984
0.081581846
0.08189489
0.082188495
0.082524054
0.082849115
0.08293481
0.08298725
0.08315321
0.08338917
0.08358613
0.08366942
0.08370947
0.083928496
0.08420533
0.08434793
0.084378585
0.08456023
0.08480692
0.08507844
0.085340366
0.08540364
0.08541864
0.08546461
0.08554363
0.08551971
0.08517715
0.08486812
0.08468125
0.084545024
0.084545024
0.08452576
0.08470241
0.084798664
0.084998176
0.08520021
0.085303016
0.085354865
0.0853492
0.085519254
0.085811295
0.086055666
0.08606668
0.08613097
0.08655679
0.08691436
0.08720236
0.08726925
0.087260865
0.08741543
0.08758383
0.0877638
0.087747075
0.08753932
0.087368995
0.08731111
0.08730496
0.08722952
0.08707961
0.08690755
0.08679766
0.08696406
0.08711075
0.0871154
0.0872008
0.08730657
0.08726023
0.08707297
0.086848855
0.0865053
0.08638463
0.08628725
0.08624628
0.08639824
0.08648108
0.08654406
0.08663713
0.08684414
0.08692097
0.08692097
0.086980514
0.08703617
0.087240234
0.087614544
0.08800298
0.08844681
0.088686615
0.08903641
0.08938167
0.089796014
0.090079546
0.09037352
0.09033318
0.09022468
0.09042529
0.090525545
0.090678066
0.09070332
0.090700306
0.09057137
0.09035815
0.090160415
0.08975866
0.08946928
0.08936595
0.08933415
0.089264944
0.08899439
0.08874683
0.088525064
0.08844675
0.08841544
0.08823973
0.0879297
0.08776983
0.08778496
0.08799889
0.08785795
0.087786764
0.087745704
0.08779694
0.08800126
0.08813897
0.08818192
0.0882433
0.08825934
0.08824956
0.08806029
0.08806029
0.08746311
0.086795874
0.086228676
0.085898764
0.08546722
0.08505681
0.08462361
0.08421818
0.08396351
0.083720066
0.08353077
0.08334565
0.0830716
0.08283948
0.08282151
0.082875
0.08275007
0.08264332
0.08264848
0.08289598
0.08298876
0.08311438
0.08316716
0.08321723
0.08318811
0.08305427
0.08289542
0.08274694
0.082631394
0.082243465
0.081870265
0.081652164
0.08158442
0.081456326
0.08129709
0.08110513
0.081062764
0.08105665
0.08102131
0.08094659
0.080621734
0.0801633
0.08008371
0.08005631
0.0800167
0.080036804
0.080228634
0.08039121
0.08039121
0.08056443
0.08051771
0.08025443
0.079976566
0.0797775
0.079928495
0.080018304
0.08021158
0.080485106
0.080734536
0.08085259
0.08086158
0.080768995
0.08061212
0.08033897
0.0800734
0.07964162
0.07943021
0.0795298
0.07966068
0.07995484
0.08027074
0.08079514
0.08106433
0.0812617
0.081163
0.08092406
0.08070066
0.08056911
0.08038329
0.080264844
0.08010978
0.08009554
0.08001993
0.08008573
0.07985961
0.079614
0.079359464
0.079339825
0.07921593
0.079061344
0.07901792
0.07900764
0.079027325
0.07931359
0.07961242
0.0799055
0.08020163
0.08020163
0.08054899
0.081077464
0.08142056
0.0815353
0.081757285
0.08205325
0.082345836
0.08253336
0.082933076
0.08323762
0.08369716
0.08400902
0.08431113
0.08472598
0.08506579
0.08542759
0.0860141
0.0862126
0.086375564
0.08655424
0.08680466
0.08684167
0.086871356
0.0869967
0.087073214
0.08696008
0.0867018
0.08651281
0.08642551
0.08622146
0.08606033
0.085951045
0.08604058
0.08627662
0.086410195
0.08646834
0.08652373
0.08636209
0.08603552
0.08564995
0.08527283
0.084844895
0.08446061
0.084354475
0.08447368
0.0844131
0.084269814
0.08415109
0.08415109
0.08429651
0.08422101
0.08399307
0.08398425
0.08414325
0.08435558
0.08431618
0.08444005
0.084379144
0.084243126
0.08402463
0.08409489
0.084323995
0.08432883
0.083944075
0.08366134
0.08350091
0.08362077
0.08368955
0.08354422
0.08347044
0.08352631
0.084110536
0.08432299
0.08447523
0.08476824
0.085019566
0.0851452
0.08516642
0.08514707
0.08515158
0.08505867
0.084918976
0.08477704
0.08447632
0.08435001
0.08416057
0.08382894
0.08325791
0.08276778
0.08238858
0.08201603
0.08176773
0.08141183
0.08135839
0.08135247
0.08129287
0.08121978
0.08121978
0.0810977
0.08086974
0.08065715
0.08055578
0.08051206
0.08055784
0.08068698
0.08100887
0.08139754
0.08180974
0.082206205
0.08240094
0.082627766
0.08276322
0.08286593
0.083010755
0.0831825
0.083475016
0.08380689
0.084038354
0.08423775
0.08453539
0.084921375
0.08545894
0.085860364
0.086289346
0.08675777
0.08715723
0.0875863
0.08796058
0.0886452
0.08918831
0.089457944
0.08983774
0.09024575
0.090459906
0.09075533
0.09081136
0.09066576
0.09067437
0.090755396
0.090844125
0.09088238
0.0909658
0.09105878
0.09116662
0.09127858
0.091400854
0.091400854
0.09160059
0.091625035
0.091607
0.09148119
0.091378525
0.091167636
0.09097832
0.09069157
0.09026255
0.08989489
0.0894486
0.08914069
0.08871787
0.088322006
0.08798491
0.0876431
0.08726941
0.08682269
0.086336106
0.085861735
0.08526624
0.08468028
0.08395676
0.08305443
0.08238926
0.08197003
0.08169853
0.08139192
0.08114723
0.0808397
0.08077977
0.080873474
0.08065656
0.080333404
0.08005985
0.07979208
0.07939381
0.07908152
0.078938924
0.079157785
0.07947181
0.079783656
0.080553755
0.08159807
0.08247563
0.0832832
0.08388682
0.084365815
0.084365815
0.08480252
0.08519312
0.08551066
0.08571136
0.08612117
0.08631975
0.08642358
0.08636106
0.086374395
0.08673535
0.0872108
0.08751264
0.08769636
0.08785158
0.08802332
0.08794822
0.08756497
0.087402925
0.087700926
0.087879784
0.08807167
0.088242464
0.088392824
0.0883815
0.08823149
0.08801675
0.08820572
0.088483654
0.0887053
0.08911843
0.089556895
0.08980712
0.0899675
0.09003278
0.08975321
0.089728475
0.089552745
0.08934773
0.089065716
0.08867502
0.08855285
0.08840561
0.088227294
0.08802903
0.088149436
0.08827847
0.08844708
0.088466994
0.088466994
0.08849155
0.08845491
0.0882053
0.087897494
0.08767891
0.08759687
0.08760247
0.08751065
0.0874725
0.087468915
0.08750936
0.087571405
0.08758389
0.087593354
0.08750981
0.08737097
0.08714315
0.08682481
0.08669424
0.086815946
0.08692994
0.08678543
0.08660053
0.086317524
0.086083986
0.0858975
0.08570865
0.08553458
0.08547947
0.08544601
0.08542901
0.08539264
0.08537025
0.08529594
0.08526453
0.085191846
0.08535172
0.08554508
0.08574338
0.08587538
0.08622332
0.08658403
0.08673549
0.086788066
0.08694757
0.08720512
0.08742317
0.08738902
0.08738902
0.08743707
0.08747818
0.08771547
0.08804222
0.08833796
0.088617735
0.088735566
0.08861544
0.088326275
0.088236526
0.08827421
0.08812885
0.088125765
0.088196695
0.08832724
0.08830759
0.08836631
0.08848794
0.088556
0.088652186
0.08883154
0.08902537
0.08919892
0.08921845
0.08935008
0.08967893
0.09005136
0.090306886
0.09060534
0.090834506
0.090986155
0.09133947
0.09181509
0.0921359
0.09255231
0.09299248
0.093223825
0.09333062
0.09343604
0.09348037
0.09346448
0.0933817
0.0933062
0.09298789
0.092802
0.09261799
0.09256548
0.09275927
0.09275927
0.092899635
0.09326905
0.09371397
0.09411655
0.09434204
0.09445641
0.094508566
0.09455789
0.09485969
0.09501135
0.09522382
0.09546657
0.095877774
0.0961096
0.09635888
0.096772216
0.097449444
0.09798627
0.09833561
0.0986567
0.09901358
0.09931932
0.09953846
0.09955296
0.099550605
0.099737175
0.099962994
0.10019824
0.100625046
0.100967176
0.101287894
0.101317346
0.10117444
0.101143174
0.10104373
0.10092299
0.10099485
0.10103071
0.10106914
0.101084076
0.10109716
0.10111113
0.10100004
0.10093268
0.10081033
0.100685626
0.100510724
0.10041491
0.10041491
0.10052891
0.10047773
0.10019763
0.10009952
0.100001566
0.09984719
0.09972861
0.09960094
0.0995959
0.09973432
0.09967533
0.099469796
0.09931843
0.09913696
0.09898673
0.098689295
0.09846819
0.09844735
0.098252326
0.09792718
0.09793611
0.09791192
0.097919695
0.09794599
0.09790496
0.097922444
0.09833405
0.09874515
0.09915308
0.09955801
0.10018513
0.10061403
0.10073216
0.10071021
0.100652926
0.10042579
0.10013702
0.09987919
0.09984713
0.099616244
0.09936548
0.09914132
0.09891319
0.09891644
0.09904289
0.099124
0.099304646
0.09951646
0.09951646
0.09989561
0.100189514
0.10046314
0.10094974
0.10128362
0.10151664
0.10164089
0.10178998
0.1018382
0.101791255
0.10179332
0.10164141
0.101454444
0.101350725
0.10128644
0.10109707
0.10087951
0.100679904
0.10051896
0.10020367
0.0996705
0.09903192
0.09839525
0.09784202
0.097221315
0.09680163
0.09642807
0.09598442
0.09545486
0.09502243
0.09477339
0.09457598
0.09436268
0.09413767
0.09390093
0.093908116
0.09397555
0.09447726
0.094972685
0.09536994
0.09589106
0.09626899
0.09654776
0.09663594
0.096749574
0.096883066
0.09696563
0.09709258
0.09709258
0.097193025
0.0974445
0.097755834
0.098126575
0.09855374
0.09875314
0.09900486
0.09944337
0.09970314
0.09970367
0.099773236
0.10018182
0.10051966
0.100787096
0.10107128
0.10131732
0.10156542
0.10159712
0.10161584
0.101604074
0.101505525
0.10128797
0.100951925
0.10089187
0.10089955
0.10106921
0.10120007
0.10162268
0.10205104
0.10256914
0.10314728
0.103580266
0.103860185
0.1041054
0.10425347
0.104302004
0.10428798
0.10431084
0.10438803
0.10445528
0.10469728
0.10508311
0.10541534
0.10560415
0.105564035
0.105679
0.105649404
0.10579635
0.10579635
0.10607297
0.10630169
0.10644386
0.10662808
0.106911205
0.10707684
0.10724299
0.10753377
0.10779032
0.10808066
0.10833933
0.10835188
0.10825032
0.10798629
0.10801034
0.10794729
0.10778268
0.107604496
0.107373625
0.107345335
0.107310265
0.107358806
0.10735971
0.10721455
0.10716354
0.1071974
0.10727465
0.10727746
0.107271425
0.10708574
0.10684109
0.106581464
0.10641384
0.10643025
0.10651956
0.10663052
0.10673114
0.10684692
0.10687729
0.10672789
0.10649056
0.10639685
0.10614369
0.10563835
0.10532615
0.10488772
0.10441741
0.104114346
0.104114346
0.103780694
0.1035767
0.103423744
0.10318539
0.10297534
0.10283518
0.10285921
0.10279933
0.10278128
0.1027903
0.10294155
0.10299306
0.102868244
0.10275121
0.10258421
0.10235733
0.10202676
0.101801395
0.10168084
0.101777226
0.10188517
0.10201659
0.102126665
0.10224832
0.10237822
0.102537
0.102725126
0.10300806
0.10302368
0.102775365
0.10261556
0.10259985
0.1024866
0.10215219
0.10169887
0.10149251
0.1012685
0.10087969
0.100444905
0.1001388
0.09986823
0.099556595
0.099047475
0.09862225
0.09818265
0.09773565
0.09735167
0.0967426
0.0967426
0.09620039
0.09569613
0.09523921
0.09476562
0.09439138
0.09410425
0.09402383
0.09389493
0.09381327
0.09350312
0.09336813
0.0934434
0.09363404
0.09374396
0.09383446
0.09384399
0.09400788
0.09407929
0.094252825
0.094422296
0.09472492
0.09470087
0.09457898
0.09451177
0.09434798
0.09397994
0.09366901
0.0936915
0.09375049
0.09377952
0.093781315
0.09385103
0.0939337
0.09388883
0.09365324
0.09355535
0.093656294
0.09368243
0.093669005
0.093812406
0.09394223
0.093960986
0.09378806
0.0934508
0.0930959
0.092852555
0.09248622
0.09208716
0.09208716
0.09165878
0.091176525
0.09081208
0.090416715
0.090186924
0.09008745
0.090111904
0.09013625
0.08999456
0.08977383
0.08974763
0.08977266
0.08984042
0.08991182
0.08993408
0.09005216
0.090183645
0.0903031
0.09040391
0.09042959
0.09037304
0.09013586
0.09036801
0.090621315
0.09063441
0.090533376
0.09040343
0.09027003
0.090220526
0.09017567
0.09013563
0.090190426
0.090362616
0.09055769
0.09068908
0.090768605
0.0909137
0.090976745
0.09095324
0.09080183
0.09072364
0.090454675
0.09033271
0.0903062
0.09034092
0.090372875
0.090362124
0.0903007
0.0903007
0.090183504
0.09003264
0.09031632
0.09054242
0.09085445
0.091128334
0.09156748
0.09180411
0.09201853
0.09208866
0.092204764
0.09238246
0.092541516
0.09253875
0.092718996
0.09291778
0.093067855
0.0930968
0.09299361
0.09296662
0.09282967
0.092414714
0.092216514
0.09220333
0.09226213
0.0921678
0.09211112
0.092077866
0.0920484
0.091924556
0.09169404
0.09154255
0.09138751
0.091310136
0.09122122
0.09098447
0.09092524
0.090790175
0.09070594
0.09078956
0.090823025
0.0907071
0.09062258
0.090663776
0.09057759
0.09042972
0.09036751
0.0901996
0.0901996
0.090105064
0.08994063
0.089738354
0.08962858
0.089543805
0.08942201
0.08930693
0.089309335
0.08911837
0.08900739
0.08882511
0.08870999
0.088603266
0.08864577
0.08867175
0.088777035
0.08889539
0.08899282
0.08910768
0.089237474
0.0894555
0.0896121
0.08978882
0.08986862
0.08982672
0.08978786
0.08979944
0.08979956
0.08970084
0.089408614
0.08908562
0.08886637
0.08868871
0.08863195
0.08858726
0.08862339
0.088647954
0.08863106
0.08870827
0.08893542
0.089193456
0.08945926
0.08961873
0.0898205
0.08988259
0.08992803
0.09008821
0.09023696
0.09023696
0.09029277
0.09034424
0.09034466
0.09012827
0.089871235
0.08967572
0.08991889
0.09021346
0.090349644
0.09041053
0.09055281
0.090768576
0.090666495
0.09040512
0.0902277
0.09020975
0.09022317
0.09006532
0.08980123
0.08959241
0.08957899
0.08954759
0.08949495
0.089374594
0.089567386
0.08972592
0.089837745
0.08986798
0.08988359
0.08989506
0.089920424
0.08978919
0.08968597
0.0896212
0.0896469
0.089682005
0.08968797
0.089588635
0.089555785
0.089454465
0.08922958
0.08903645
0.08884817
0.08861996
0.08839971
0.088240884
0.088103145
0.08824774
0.08824774
0.088373624
0.08843772
0.088438295
0.0881759
0.087863535
0.08754354
0.08713878
0.08664254
0.08614917
0.085665286
0.08536706
0.08508468
0.084833436
0.08475735
0.08449834
0.08439831
0.0843892
0.0842753
0.08418831
0.0841001
0.08402567
0.083762124
0.08335231
0.08300044
0.082787886
0.08244699
0.08205411
0.08156246
0.081126936
0.080619104
0.08029533
0.07994612
0.079702176
0.07962208
0.07964064
0.07959355
0.07971005
0.07956999
0.07939753
0.07925213
0.07896831
0.07863355
0.078526005
0.07853036
0.07844825
0.078495264
0.07857217
0.07851205
0.07851205
0.07859723
0.07876131
0.07907448
0.07926048
0.07940252
0.07960385
0.08026243
0.08075309
0.08110104
0.08142289
0.08172376
0.082140006
0.08239218
0.08255592
0.08278461
0.082854375
0.08310825
0.08318796
0.08337995
0.08360499
0.08398775
0.084244
0.08469943
0.08509611
0.08546196
0.08592098
0.08643079
0.0867472
0.08710359
0.087467566
0.08772482
0.0878839
0.08805978
0.08819625
0.08845319
0.08861532
0.08855456
0.08847976
0.088421464
0.08822525
0.08800791
0.08796056
0.0884572
0.08884796
0.089151874
0.08933367
0.08945734
0.089514576
0.089514576
0.08947719
0.08948757
0.08941217
0.0893262
0.0892869
0.08936477
0.08939375
0.089221574
0.08922096
0.08924733
0.08930012
0.08937324
0.08936299
0.08937786
0.08937271
0.08938403
0.08930918
0.08903775
0.08884411
0.08872216
0.0887105
0.08879787
0.08884068
0.089023545
0.08919445
0.089242704
0.089328334
0.08924168
0.08935487
0.08939514
0.08940365
0.08952378
0.089594565
0.08972805
0.08980706
0.08979869
0.089656
0.08948052
0.089365624
0.08916972
0.08915881
0.08921352
0.08911531
0.088967875
0.08888884
0.088893026
0.08879037
0.08880741
0.08880741
0.08863289
0.08849393
0.08857597
0.08859651
0.08846947
0.08840179
0.08845239
0.08842786
0.08849523
0.088437706
0.08835971
0.0883576
0.088389084
0.08832508
0.08819823
0.08806226
0.087939896
0.08771718
0.087477654
0.08709478
0.086735405
0.08644323
0.08621608
0.08598209
0.08576563
0.08562374
0.08560172
0.085640036
0.08573155
0.0858948
0.0860745
0.08612065
0.08623443
0.08626445
0.086460546
0.08661113
0.08679497
0.08694091
0.086913794
0.086861156
0.08676177
0.086859845
0.08700618
0.08699579
0.087131836
0.0873868
0.08755205
0.087680556
0.087680556
0.08783768
0.08793245
0.08793631
0.087932214
0.087835595
0.08767665
0.0874778
0.087336496
0.087146685
0.08693222
0.086696565
0.08644247
0.08608573
0.08584249
0.085685946
0.08548555
0.08534147
0.08533841
0.085326895
0.085246354
0.085086524
0.08502717
0.08498775
0.084855035
0.08480935
0.084747806
0.084676094
0.08467137
0.08470862
0.08483893
0.08496399
0.08499718
0.08504495
0.08507601
0.085162826
0.085339054
0.0854592
0.085447036
0.08544861
0.08546125
0.08536587
0.08531837
0.08519348
0.08505145
0.085249946
0.08538486
0.08545081
0.085425116
0.085425116
0.08538466
0.08542203
0.085338704
0.08520761
0.08510099
0.08493792
0.08482591
0.08465978
0.084447786
0.08431072
0.08418673
0.08405678
0.08399815
0.083867155
0.08369602
0.083515525
0.08332157
0.083210684
0.08318186
0.08311968
0.0830306
0.082952745
0.08298596
0.08306141
0.08312969
0.083193354
0.08318048
0.083217785
0.08319117
0.083283395
0.08326539
0.0832215
0.083129145
0.08307012
0.08298192
0.08284602
0.082627244
0.082418166
0.082184814
0.08199834
0.081924655
0.08187666
0.08174614
0.08159813
0.08141284
0.081288904
0.08121744
0.081201084
0.081201084
0.08112762
0.0811509
0.08121784
0.08137992
0.08148309
0.081561
0.08157599
0.0815471
0.081548296
0.08164538
0.081726976
0.08176135
0.08181718
0.081801824
0.08185569
0.081948474
0.08194637
0.08189712
0.08186151
0.08180804
0.08180085
0.08178601
0.08176164
0.08177403
0.0817695
0.08173281
0.08167085
0.08159638
0.08163255
0.08155683
0.08144204
0.08129717
0.0810791
0.080916464
0.08065615
0.08044956
0.080224395
0.08005146
0.079893075
0.079765014
0.0796665
0.07957225
0.07956161
0.07959189
0.079644635
0.079778776
0.07995757
0.080111936
0.080111936
0.08018432
0.080265924
0.08032751
0.08034278
0.08028751
0.08024622
0.08017569
0.080129586
0.080029845
0.07994433
0.07992123
0.079924755
0.07992042
0.079934284
0.07999922
0.08012798
0.080223516
0.080288865
0.08031498
0.080323786
0.080360144
0.08041559
0.08043726
0.08037436
0.080293365
0.08018027
0.080156654
0.08015859
0.080196865
0.0802217
0.08021695
0.08034827
0.08065071
0.080823794
0.08092702
0.08105398
0.081180796
0.081216946
0.081220195
0.08124423
0.081322625
0.08136073
0.08133319
0.081340216
0.08134563
0.08136813
0.08140075
0.08135547
0.08135547
0.08125871
0.08118424
0.08112106
0.08111804
0.08118878
0.08126251
0.08128492
0.08126013
0.08124429
0.08123509
0.08121641
0.08119207
0.081105165
0.0809883
0.08085928
0.08075064
0.08069126
0.08071105
0.08080828
0.0809106
0.08099931
0.08110573
0.08126376
0.0814853
0.08169952
0.08189342
0.08206517
0.08224773
0.0824369
0.08265977
0.08285664
0.082989365
0.08311495
0.08316212
0.08323628
0.08335678
0.0835021
0.0835814
0.08365102
0.083695
0.083776705
0.0838993
0.08398541
0.084021576
0.08401007
0.08407981
0.08409977
0.08408938
0.08408938
0.084134124
0.08414858
0.084124945
0.084102854
0.084093384
0.08406355
0.08405534
0.084066935
0.08410189
0.08419262
0.08425312
0.08430462
0.08436722
0.08439615
0.08436878
0.08435102
0.08428799
0.08422854
0.08419676
0.08415914
0.084100686
0.08402457
0.083927006
0.0838822
0.083860286
0.083828345
0.08385021
0.08385958
0.08387847
0.083880015
0.08386959
0.08388176
0.083888225
0.08387491
0.083860844
0.083835796
0.08382084
0.083781466
0.08372141
0.0836275
0.08349981
0.083326176
0.083188236
0.08307637
0.08294384
0.0828241
0.082741894
0.08273878
0.08273878
0.08272781
0.082732044
0.08272596
0.082712665
0.082706906
0.082754456
0.08278111
0.08282516
0.08287142
0.0829142
0.082942374
0.08294097
0.082890525
0.08284257
0.082798176
0.08277217
0.082772285
0.08276518
0.08277263
0.08275814
0.08273389
0.08269319
0.08267254
0.08266093
0.08268718
0.08270249
0.082704075
0.08274973
0.08277098
0.08277261
0.08279493
0.082815506
0.082833394
0.08283822
0.08284028
0.082842216
0.08281664
0.082800195
0.08279683
0.08280375
0.08280012
0.08281956
0.0828255
0.082842216
0.082827695
0.08280346
0.08276223
0.08273958
0.08273958
0.08272734
0.08270946
0.08269064
0.08268479
0.08268279
0.08268195
0.0826916
0.08268396
0.08267219
0.08265195
0.082618326
0.08258444
0.08255818
0.0825379
0.082507335
0.08248379
0.08246124
0.08245067
0.08244031
0.08241087
0.08238509
0.08236337
0.08233898
0.082315005
0.08229604
0.082275234
0.082238674
0.08220818
0.08217421
0.08214409
0.08211824
0.082091786
0.08206026
0.08203745
0.082008325
0.08197683
0.08196166
0.08195214
0.081940174
0.081916325
0.08188425
0.08186398
0.081835546
0.0818115
0.08178353
0.08176061
0.08174469
0.08172372
0.08806029
