1.0
1.0000223
0.9998604
0.99931073
0.9986842
0.99804187
0.9973771
0.99662673
0.9958394
0.9950833
0.9943775
0.9936266
0.99285346
0.99202186
0.99113363
0.9902451
0.9894302
0.9885455
0.9876104
0.98669755
0.9857955
0.9848744
0.9839283
0.982961
0.98200613
0.98098904
0.9800273
0.9792719
0.97916514
0.9792668
0.9795438
0.97997373
0.98046285
0.9807029
0.98082364
0.9810592
0.9812768
0.98156613
0.98190707
0.9820794
0.98216444
0.982165
0.9820885
0.98204917
0.981713
0.9813882
0.98098534
0.9806615
0.98037636
0.98037636
0.9800094
0.9796335
0.97939175
0.9791758
0.9790408
0.9788292
0.9786217
0.97862875
0.978494
0.97834986
0.9781964
0.9780996
0.97801673
0.9779586
0.9779057
0.97762007
0.97744423
0.97740173
0.97723526
0.97710043
0.9769377
0.9768138
0.976637
0.97651404
0.97642756
0.97626764
0.97617507
0.9760183
0.9759888
0.97604704
0.9761341
0.97629154
0.9764199
0.97648877
0.9764207
0.9764212
0.976363
0.9762074
0.9760989
0.97604483
0.9760295
0.9760927
0.9762296
0.9764234
0.9767122
0.9770249
0.97754645
0.97815967
0.97815967
0.97887504
0.97959125
0.9805209
0.98159045
0.982938
0.98447025
0.98617333
0.9880005
0.98986495
0.9917602
0.9937222
0.9957242
0.9977949
0.9999258
1.0020037
1.0040709
1.0060209
1.0080668
1.0101138
1.012223
1.0143394
1.0163931
1.018479
1.0204334
1.0223948
1.024347
1.0264077
1.028344
1.0301135
1.0317408
1.0331671
1.0346867
1.0362095
1.0379686
1.0396289
1.0413885
1.0433053
1.0453272
1.0474526
1.0496031
1.0517093
1.0539106
1.0560949
1.0583072
1.0606068
1.0627891
1.0649414
1.0670917
1.0670917
1.0691872
1.0713924
1.0736316
1.0757782
1.077824
1.0799466
1.082144
1.0843059
1.0863367
1.0884513
1.0906076
1.0928199
1.095028
1.0971758
1.0993935
1.1016678
1.1038535
1.1059117
1.1079679
1.1100304
1.1121136
1.114253
1.1164899
1.1186213
1.1207229
1.1227785
1.124809
1.1269275
1.1289257
1.1309594
1.132939
1.1348059
1.1366857
1.138553
1.140429
1.1422691
1.1439731
1.1456726
1.1473812
1.1491232
1.1507835
1.1523908
1.1539155
1.1554245
1.1569289
1.1584176
1.159877
1.1615344
1.1615344
1.1630763
1.1645839
1.1660796
1.1676035
1.1691561
1.1706434
1.1721015
1.1736385
1.1751602
1.1768085
1.1784585
1.1801894
1.1821216
1.1839418
1.1856399
1.1872611
1.1887643
1.1903065
1.1917771
1.1931615
1.1945022
1.1957948
1.1971073
1.1983403
1.1995064
1.2006345
1.2017232
1.202843
1.2039241
1.2049522
1.2061867
1.20745
1.208642
1.2098998
1.2111785
1.2124337
1.2136219
1.214772
1.2160629
1.2173244
1.2186192
1.2199067
1.2211764
1.2223774
1.2235341
1.224651
1.2257237
1.2267584
1.2267584
1.2278236
1.2288402
1.2299348
1.2310077
1.2321278
1.2332344
1.2343062
1.2355222
1.23673
1.2378231
1.238898
1.2400424
1.2411671
1.2422864
1.2433854
1.2445503
1.2456901
1.2467766
1.2478347
1.2490364
1.25049
1.2519852
1.2533139
1.2545524
1.2557691
1.2569903
1.258171
1.2593808
1.2605833
1.2616924
1.2627418
1.2637628
1.2647973
1.2658043
1.266865
1.2678362
1.2687323
1.2695774
1.2704021
1.2712651
1.2721912
1.2731192
1.2742069
1.2752681
1.2762175
1.277112
1.2781111
1.2790524
1.2790524
1.2799627
1.2809007
1.2818818
1.2828233
1.2837701
1.2847371
1.2856691
1.2865874
1.2875682
1.288507
1.2895522
1.2905778
1.2916487
1.2927785
1.2938477
1.2950377
1.2961607
1.2972248
1.2982705
1.2992504
1.300165
1.3010277
1.3019743
1.3029016
1.3038156
1.3047255
1.305584
1.3064575
1.3073622
1.3082217
1.3090403
1.3099571
1.3108416
1.3116627
1.3124338
1.313206
1.3140459
1.3148885
1.3156966
1.3165083
1.3172624
1.3180364
1.318823
1.3195893
1.3204074
1.3211852
1.3219849
1.3226949
1.3226949
1.323394
1.324072
1.3248384
1.3255688
1.3263972
1.3271923
1.3280358
1.3288306
1.3296254
1.3304011
1.331143
1.3319035
1.3326573
1.3333931
1.3342999
1.335184
1.3360934
1.3369999
1.337881
1.3387309
1.3395137
1.3402973
1.3410158
1.3416913
1.3422953
1.3428898
1.3435296
1.3441907
1.3448099
1.3455106
1.3462005
1.3468661
1.3475356
1.3482347
1.3489921
1.3497298
1.3503897
1.3510425
1.3517276
1.3523813
1.3530674
1.3537873
1.3544948
1.3551209
1.3560104
1.356876
1.3576585
1.3584728
1.3584728
1.3592323
1.3600657
1.3609122
1.3616651
1.3623967
1.3631138
1.3638531
1.3645376
1.3653837
1.3661841
1.3669695
1.3676966
1.3683817
1.3691463
1.36989
1.3706051
1.3712838
1.3719788
1.37268
1.3734231
1.3741521
1.3749529
1.375848
1.3766767
1.3775784
1.3785834
1.3794855
1.3803904
1.381267
1.3821117
1.3829926
1.3839111
1.3847754
1.3857045
1.3865527
1.3873819
1.3882357
1.3890516
1.3899044
1.390684
1.3913902
1.392086
1.3927996
1.3935359
1.3942245
1.3949139
1.395622
1.3963239
1.3963239
1.3970226
1.3977482
1.3984187
1.3991799
1.3999038
1.4005598
1.4012005
1.4018121
1.402393
1.4030031
1.4036645
1.4043005
1.4049191
1.4055414
1.4062718
1.4069539
1.4076153
1.4083239
1.4090611
1.4098077
1.4106548
1.4115534
1.4123528
1.4131851
1.4140072
1.414768
1.4155033
1.4162126
1.416867
1.4175072
1.4181118
1.4186963
1.4193745
1.4200122
1.4206278
1.4212132
1.4218487
1.4224814
1.4230855
1.4236555
1.4242705
1.4248927
1.4254754
1.4261104
1.4267124
1.4273815
1.4279938
1.4285718
1.4285718
1.4291449
1.4296472
1.4301558
1.4306914
1.4312421
1.4317558
1.4322872
1.4328092
1.4334866
1.4340938
1.434713
1.435323
1.4358833
1.4364245
1.4370519
1.437627
1.4383055
1.4389913
1.4396135
1.4403011
1.4409913
1.4416671
1.4423383
1.4430767
1.443745
1.4444026
1.44506
1.4456975
1.4463054
1.4469006
1.4474998
1.4482055
1.4489061
1.4495443
1.450198
1.4508243
1.4514754
1.4521304
1.4528373
1.4535053
1.4541252
1.45471
1.4554684
1.4562031
1.4569639
1.4576871
1.4584998
1.4593073
1.4593073
1.4601631
1.4609946
1.4617772
1.4625586
1.4633228
1.4640332
1.4647868
1.4657136
1.4665432
1.4673406
1.4680943
1.4689286
1.4697164
1.4704726
1.4712372
1.4720033
1.4727045
1.4734051
1.4740702
1.4747089
1.4753582
1.4760203
1.4767185
1.4773912
1.4781246
1.4790004
1.47986
1.4807289
1.4815476
1.4823682
1.483126
1.4839045
1.4847201
1.4854623
1.4861277
1.4867723
1.4874085
1.4880279
1.4887116
1.4894147
1.4900618
1.4906465
1.4912059
1.4918078
1.4924345
1.4930182
1.4935526
1.4940873
1.4940873
1.494538
1.4950404
1.4955261
1.4960625
1.4965794
1.4971147
1.4976205
1.4982139
1.4988661
1.4995577
1.5003415
1.5011376
1.5019246
1.5027562
1.503577
1.504344
1.5051113
1.5058967
1.5066289
1.5072773
1.5078759
1.5084339
1.5089508
1.509523
1.5101262
1.5107911
1.5114396
1.5122012
1.512928
1.5136119
1.5142367
1.5148729
1.5155078
1.5161304
1.5167351
1.5173138
1.517883
1.5184321
1.5189847
1.519533
1.5201558
1.5207999
1.5213734
1.5220091
1.5227334
1.523415
1.5241506
1.5248679
1.5248679
1.525517
1.5261999
1.5268904
1.5276183
1.5284083
1.5291295
1.5296965
1.530278
1.5309037
1.5315691
1.5321537
1.5327345
1.5333247
1.5338563
1.534376
1.5348653
1.5354056
1.5359722
1.5365499
1.5371128
1.537638
1.5381607
1.5387193
1.5392889
1.5398265
1.5403069
1.540735
1.5411931
1.541696
1.5422124
1.5427763
1.5432956
1.5437813
1.5441893
1.5446022
1.5450583
1.5454844
1.5459806
1.5464962
1.5470203
1.5476744
1.5483462
1.5489513
1.549484
1.5499954
1.5506476
1.5513929
1.5520905
1.5520905
1.5526954
1.5532668
1.553813
1.5544541
1.5551128
1.5557764
1.5563798
1.556948
1.5574261
1.557914
1.5584079
1.558956
1.5594984
1.5599847
1.560478
1.5609854
1.5614815
1.5620579
1.5626549
1.5632015
1.5637208
1.5641721
1.5645772
1.5650123
1.565472
1.5659915
1.566428
1.5668414
1.5672891
1.5677243
1.568196
1.5686917
1.5691959
1.56963
1.5700341
1.5704073
1.5708834
1.5713631
1.5718291
1.5722768
1.5727013
1.5732108
1.5736887
1.5741533
1.5746241
1.5751295
1.5756052
1.5759809
1.5759809
1.5763344
1.5766726
1.5770272
1.5775071
1.5779558
1.5783863
1.5788547
1.5793289
1.5798312
1.5803463
1.5808299
1.5813273
1.5818112
1.5822839
1.5827171
1.58319
1.5836704
1.5842006
1.5847418
1.5854216
1.5859919
1.5865613
1.587202
1.5878613
1.5885271
1.5891527
1.5897408
1.5902821
1.5908262
1.5913429
1.5918909
1.5923908
1.5928628
1.593324
1.5938267
1.5943723
1.5948814
1.5953754
1.5959228
1.5963997
1.596852
1.5973701
1.5978972
1.5985357
1.5991654
1.5998952
1.60062
1.6013768
1.6013768
1.6021361
1.6028315
1.60349
1.6041157
1.6047103
1.6053219
1.6059777
1.6066496
1.6073099
1.6079017
1.6083927
1.6088941
1.6094619
1.6100546
1.6105839
1.6110426
1.6115254
1.6120484
1.6126546
1.6132711
1.6138415
1.6143669
1.6148746
1.6153907
1.6159135
1.6164676
1.6169944
1.6174655
1.6179199
1.6184753
1.6190065
1.6196176
1.6201634
1.6206548
1.6211098
1.6216269
1.6222032
1.6227812
1.6233213
1.623784
1.6242516
1.6247424
1.6252344
1.6257021
1.6261278
1.6265373
1.6269912
1.6274661
1.6274661
1.6279764
1.628567
1.629068
1.6295515
1.6300107
1.6305226
1.63104
1.6315521
1.6321515
1.6327496
1.6333357
1.6338822
1.6344057
1.6350133
1.6355662
1.6360894
1.6366068
1.6371249
1.6376812
1.6382297
1.6388053
1.6393203
1.6398144
1.6403176
1.6408561
1.6413971
1.641873
1.6423285
1.6427568
1.643211
1.6437788
1.6443518
1.6448572
1.6453668
1.6458386
1.646294
1.6467589
1.6472405
1.6476734
1.6481371
1.6485587
1.6490499
1.6496578
1.6502861
1.650826
1.6513199
1.6518638
1.6524279
1.6524279
1.6529567
1.6534618
1.65391
1.6544116
1.654893
1.6553758
1.655826
1.6563096
1.6567831
1.6572304
1.6576538
1.6581011
1.6584646
1.6588085
1.6591913
1.659537
1.6599112
1.6602865
1.6606468
1.6610106
1.6615038
1.6620795
1.6626122
1.663155
1.6637084
1.6642665
1.6648011
1.6652893
1.6657478
1.666187
1.6666566
1.6671367
1.6676617
1.6681386
1.6685654
1.668992
1.6695571
1.6701106
1.6706766
1.6711957
1.6716578
1.6721861
1.6727606
1.6733286
1.6738116
1.6742357
1.6746719
1.675138
1.675138
1.6755702
1.6759903
1.6763439
1.6766367
1.6769443
1.6774491
1.6779308
1.6783379
1.6787081
1.6790941
1.6794926
1.6799347
1.6803883
1.6808316
1.6812654
1.6816772
1.6820498
1.6825005
1.6829364
1.6833841
1.6837322
1.6840866
1.6845634
1.6850318
1.6854148
1.6857529
1.6860906
1.686483
1.6869942
1.687495
1.6879363
1.6883227
1.688752
1.6891625
1.6896118
1.6901172
1.6906465
1.6910734
1.6914852
1.6919012
1.6923964
1.6928941
1.6934395
1.6939006
1.6943234
1.6947573
1.6952493
1.6957153
1.6957153
1.6961658
1.6965402
1.6969006
1.6972597
1.6976477
1.6981599
1.6986376
1.6991483
1.6996804
1.700225
1.7007662
1.7012812
1.7017633
1.7022443
1.7027333
1.7031833
1.7035359
1.7039106
1.7043697
1.7048132
1.7052939
1.7057287
1.7061648
1.7065294
1.7069769
1.707366
1.7077332
1.7081299
1.7085449
1.7089322
1.7093709
1.7098074
1.7103032
1.710743
1.7111466
1.7115115
1.711922
1.7123513
1.7128142
1.7132157
1.7135371
1.7138789
1.714245
1.7146616
1.7151166
1.715526
1.7159156
1.7163595
1.7163595
1.7168473
1.7174927
1.7180561
1.7185252
1.71899
1.7195214
1.7201468
1.7207652
1.721384
1.721912
1.7224427
1.7229811
1.7236617
1.7243528
1.7249547
1.7255163
1.72615
1.7267826
1.7273772
1.7279131
1.7284184
1.7288678
1.7293156
1.7297431
1.7301445
1.730474
1.7307703
1.7310729
1.7313936
1.7317162
1.7320555
1.7323599
1.7326819
1.7330467
1.7334323
1.7338039
1.7341489
1.7344136
1.7346219
1.7348133
1.735064
1.7352551
1.7353796
1.7355746
1.7359153
1.7362431
1.7365576
1.7368698
1.7368698
1.7372643
1.7376653
1.7380319
1.7383678
1.7388017
1.7392073
1.7395953
1.7399879
1.7402537
1.7404972
1.7407464
1.7410505
1.7414149
1.7417597
1.7420967
1.742445
1.7427747
1.7431934
1.7435756
1.7439601
1.7444103
1.7448301
1.745316
1.7458235
1.7463564
1.746944
1.7475499
1.7480755
1.7485414
1.7490425
1.7495267
1.7499952
1.7504581
1.7508686
1.7512647
1.751712
1.7521056
1.7524539
1.7527258
1.7530805
1.7534348
1.753756
1.7540796
1.7544438
1.7549211
1.7553679
1.7557445
1.7561439
1.7561439
1.7565746
1.7570289
1.7574703
1.7578567
1.7582543
1.7586666
1.7591151
1.7595667
1.7599943
1.760461
1.7609493
1.7613474
1.7617123
1.762114
1.7625653
1.7630104
1.7634865
1.7639573
1.7644405
1.7649232
1.7654444
1.7659079
1.7663321
1.7668595
1.7673634
1.7678548
1.7683426
1.7688012
1.7692057
1.7695549
1.7699926
1.7703494
1.7706096
1.7709368
1.7712674
1.7715576
1.7719291
1.7722732
1.7725948
1.7729527
1.7733138
1.7736439
1.7739396
1.7741852
1.7744548
1.774747
1.7750348
1.7753284
1.7753284
1.7756711
1.775973
1.7762733
1.7765946
1.7769048
1.7771974
1.7775335
1.7778953
1.7782594
1.7785516
1.7787746
1.7790655
1.7793674
1.7796267
1.7798945
1.7802637
1.7806388
1.7810025
1.78129
1.7815667
1.7818098
1.7820605
1.7822647
1.7823462
1.7824651
1.7826351
1.7827525
1.7828379
1.7830092
1.7832063
1.7834157
1.783687
1.7838781
1.784046
1.784252
1.7845234
1.7847294
1.7849545
1.7852237
1.7855135
1.7858182
1.7861712
1.7866297
1.7871658
1.7876285
1.7882146
1.7887727
1.7893014
1.7893014
1.7898077
1.7903218
1.790869
1.7912179
1.7916235
1.7920555
1.792474
1.7928286
1.7931458
1.7936465
1.7941562
1.7946467
1.7951568
1.7956458
1.7961276
1.7965391
1.7968795
1.7972478
1.7976843
1.798095
1.7984643
1.798822
1.7991382
1.7994348
1.7996635
1.7998718
1.8002286
1.8005934
1.8010153
1.801483
1.8020061
1.8024468
1.8028998
1.8033595
1.803795
1.8042383
1.8045917
1.8049018
1.8052465
1.8055506
1.8058324
1.8061311
1.8064833
1.8067813
1.8071393
1.8074777
1.8078574
1.8082366
1.8082366
1.8086535
1.8089938
1.8093387
1.8097266
1.8100971
1.8104681
1.8108405
1.8111287
1.8114476
1.8117235
1.8120664
1.8123872
1.8126795
1.8129398
1.8132465
1.8134097
1.813544
1.8137665
1.814024
1.8142484
1.8144993
1.8147074
1.8148453
1.8149508
1.8151599
1.8153464
1.815571
1.8158005
1.8160657
1.8162563
1.8164747
1.8167517
1.8170488
1.8172213
1.817365
1.81764
1.817896
1.8180935
1.8183427
1.8186083
1.8188708
1.8190336
1.8191341
1.8193045
1.8195064
1.8197756
1.8200734
1.8203162
1.8203162
1.8205146
1.8207227
1.8209249
1.8211579
1.8214711
1.8218335
1.822127
1.8223625
1.8225956
1.8229275
1.8232317
1.8235269
1.824
1.8243942
1.8247285
1.8250556
1.8254187
1.8256493
1.8258466
1.8261082
1.8263643
1.8265345
1.8266596
1.8267913
1.8269776
1.8271604
1.8274494
1.8278176
1.8281676
1.8284119
1.8286536
1.8289992
1.8293426
1.8295757
1.8298662
1.8302101
1.8303692
1.8304762
1.8307079
1.8310051
1.8312718
1.831496
1.8317744
1.8319759
1.8320985
1.8322197
1.8324537
1.8328846
1.8328846
1.8332033
1.8335439
1.8339758
1.8344629
1.8348964
1.8352358
1.8355668
1.836008
1.8364954
1.8368554
1.8372744
1.8378714
1.8384554
1.8388729
1.8392965
1.8398426
1.8405366
1.8411232
1.8415776
1.8420867
1.842614
1.8431299
1.843585
1.8439463
1.8443683
1.84482
1.8452348
1.845597
1.8459659
1.8463992
1.8468934
1.8472075
1.847405
1.8476578
1.8479269
1.8481604
1.8484843
1.8488005
1.8491956
1.8495195
1.8497831
1.8500484
1.850371
1.8506964
1.8509752
1.8512272
1.8514864
1.8518089
1.8518089
1.8521684
1.8523793
1.8524921
1.8527279
1.8529924
1.8531469
1.8533058
1.8534957
1.8538197
1.854162
1.8544213
1.8546859
1.8550227
1.8553582
1.8556056
1.8557682
1.85595
1.8561765
1.8562566
1.8563086
1.8564619
1.8565779
1.8567148
1.8568208
1.8569343
1.8571113
1.8573091
1.8574864
1.8576626
1.8579633
1.8583498
1.858685
1.8588953
1.8590634
1.859268
1.8593616
1.8593553
1.8593993
1.8596003
1.8596511
1.8596178
1.8596869
1.8598182
1.8600076
1.860175
1.8603565
1.8606542
1.8609788
1.8609788
1.8613033
1.8616499
1.8620882
1.8625036
1.8628107
1.8630878
1.8633708
1.8636698
1.8639114
1.8641429
1.8645414
1.8649266
1.865231
1.8655863
1.8660008
1.8663596
1.8667066
1.8670814
1.8675418
1.8679117
1.8681316
1.868318
1.868617
1.8688396
1.8689368
1.8691397
1.8694146
1.8696539
1.8697435
1.8698573
1.8700333
1.8702174
1.8703164
1.8704044
1.8705214
1.8706657
1.8707867
1.8710216
1.8713328
1.8715997
1.8718351
1.8720437
1.872282
1.87249
1.8726785
1.8728601
1.8730514
1.8733554
1.8733554
1.8736056
1.8738674
1.8741524
1.8744049
1.8747557
1.8749427
1.8752135
1.8756201
1.8759389
1.8761628
1.876409
1.8768425
1.8772681
1.8776509
1.878059
1.8784381
1.8788099
1.8791273
1.8794304
1.8797957
1.8800887
1.8802643
1.8804057
1.8807209
1.8810486
1.8813368
1.8816041
1.8819461
1.8822662
1.88257
1.8829159
1.8831862
1.8833606
1.8834819
1.8835781
1.8837322
1.8839744
1.8842217
1.8844367
1.8847132
1.8851359
1.8855461
1.8858674
1.8861483
1.8863345
1.8865898
1.8868173
1.8870692
1.8870692
1.8873196
1.8875381
1.8877866
1.8879699
1.8882421
1.8884975
1.8887175
1.8889092
1.8890725
1.8892906
1.8895656
1.889708
1.8897562
1.889858
1.8901235
1.8902735
1.890353
1.8904694
1.8905436
1.8906577
1.8907461
1.8909291
1.8910705
1.891166
1.8912547
1.8913578
1.8914617
1.8915932
1.8917098
1.8917118
1.891706
1.891679
1.8916681
1.8917333
1.8918086
1.8918501
1.8919101
1.8920366
1.8921794
1.892317
1.8924155
1.8925849
1.8926296
1.892599
1.892696
1.892709
1.8925978
1.8925798
1.8925798
1.8927315
1.8929331
1.8930752
1.8932017
1.8934072
1.893616
1.8938109
1.8940344
1.8942266
1.894346
1.8944622
1.8944856
1.8944546
1.8944429
1.8943921
1.894315
1.8942941
1.8943794
1.8944701
1.8945043
1.8946135
1.8947675
1.8949534
1.8951578
1.8953154
1.8954197
1.895547
1.8957086
1.8957734
1.8957757
1.8959597
1.8961468
1.8961937
1.8961545
1.8962412
1.8963865
1.8964192
1.8963201
1.8963566
1.8965175
1.8965616
1.8965445
1.8965572
1.8966455
1.8967029
1.8967067
1.8967822
1.8968266
1.8968266
1.8969243
1.8968889
1.89686
1.8969759
1.897202
1.8973234
1.8974502
1.8976234
1.8978901
1.8979366
1.8980231
1.8982204
1.898587
1.8989309
1.89918
1.8993629
1.8996334
1.8999217
1.9001591
1.900363
1.9006444
1.9008324
1.9009044
1.9010141
1.9011034
1.9012096
1.9013922
1.9017042
1.9020556
1.9023829
1.9027256
1.9030772
1.9034784
1.9037954
1.9040668
1.9044211
1.9048274
1.9051279
1.9054512
1.905922
1.9063456
1.9066584
1.9068611
1.90707
1.9072824
1.9074807
1.9076738
1.9078003
1.9078003
1.9079208
1.9079496
1.9079329
1.9079181
1.9079909
1.908005
1.9080983
1.9082246
1.9083112
1.9084096
1.9085245
1.908684
1.9089495
1.9091818
1.9093283
1.9095016
1.9096891
1.9098709
1.910003
1.9100888
1.9100958
1.9100691
1.9102405
1.9104671
1.9106046
1.9106433
1.9107305
1.9108045
1.9108647
1.9109277
1.9109145
1.9110068
1.9111449
1.911309
1.9115051
1.9116982
1.9119244
1.9120706
1.912164
1.9122535
1.912317
1.9122713
1.91231
1.9124079
1.9124554
1.9125282
1.912623
1.9126635
1.9126635
1.9126841
1.9126877
1.9129143
1.9131043
1.9133004
1.9135144
1.9138547
1.9141184
1.9143116
1.9144833
1.9147072
1.9149255
1.915091
1.9152178
1.9153426
1.9155046
1.9155897
1.9157304
1.9158909
1.9162308
1.916542
1.9166776
1.9169431
1.9172428
1.9175436
1.917802
1.9180261
1.918309
1.9185988
1.9187154
1.9187782
1.9189118
1.9190912
1.9192731
1.9195359
1.9197606
1.9200844
1.9203048
1.9205313
1.9208508
1.9210976
1.9212173
1.9214163
1.9216956
1.9219425
1.9220822
1.9222101
1.9223157
1.9223157
1.9223317
1.9223458
1.9224176
1.922598
1.9227443
1.9228755
1.9230855
1.9234263
1.9236298
1.923939
1.9242522
1.9245642
1.9247531
1.9249957
1.9252353
1.9254961
1.9257162
1.9259099
1.9262882
1.9266374
1.9269024
1.9271642
1.9274719
1.9277439
1.9279284
1.9280707
1.9282434
1.9284141
1.9285414
1.9284781
1.9283912
1.9284148
1.9284079
1.9283856
1.9283347
1.9284154
1.9285245
1.9285772
1.9286349
1.9287361
1.9288292
1.9288727
1.9289186
1.929029
1.9290574
1.92906
1.9290336
1.9290855
1.9290855
1.9291676
1.9292483
1.9293741
1.9293643
1.9293488
1.9293343
1.9295415
1.929922
1.9301515
1.9303535
1.9306667
1.9311033
1.9313614
1.9314979
1.9317491
1.9319155
1.9320484
1.9320673
1.932113
1.9322659
1.9324708
1.9326936
1.93287
1.9330263
1.933319
1.9335049
1.9336556
1.9338224
1.9340042
1.9341662
1.9342335
1.9342782
1.9344101
1.9345105
1.9345589
1.9346377
1.9348059
1.9349215
1.9350133
1.935115
1.9352075
1.9352204
1.9351401
1.9349599
1.9347882
1.9346913
1.9345622
1.934551
1.934551
1.9345059
1.9346101
1.9347448
1.9347761
1.9347819
1.93476
1.9347569
1.9346557
1.9345436
1.9344361
1.9343833
1.934321
1.9342549
1.9342489
1.9341627
1.9341376
1.9341629
1.9340988
1.9340719
1.934047
1.9341445
1.9340614
1.9338393
1.9336907
1.9336386
1.9336357
1.9336151
1.9335597
1.9336056
1.933687
1.933787
1.9339702
1.9341803
1.934458
1.9346651
1.9347968
1.9351188
1.9353107
1.9354221
1.9355891
1.9357449
1.9358425
1.9360173
1.9360317
1.9359549
1.9359369
1.935985
1.9360428
1.9360428
1.9362
1.9363765
1.9366649
1.936864
1.9371198
1.9373674
1.9378752
1.9383088
1.938674
1.9389403
1.9391729
1.9394746
1.9396992
1.9398638
1.9400508
1.9402008
1.9403368
1.9404184
1.9405013
1.9406908
1.9408629
1.9410022
1.9411552
1.941343
1.9415361
1.941762
1.9419795
1.9420663
1.9421788
1.9422125
1.9422215
1.9422084
1.942275
1.9423288
1.9424794
1.9425586
1.9425604
1.9426336
1.942638
1.9426115
1.9425821
1.9426503
1.9428039
1.9428533
1.9429642
1.9431396
1.9432184
1.9433316
1.9433316
1.9434884
1.9435425
1.9435053
1.9434819
1.9434637
1.9435105
1.9434468
1.9432946
1.9431639
1.9430223
1.942869
1.9427606
1.9426609
1.9426135
1.9425856
1.9426221
1.9426473
1.9425849
1.9425036
1.9423441
1.9421906
1.9421616
1.9422197
1.9422959
1.9423397
1.9423395
1.9424548
1.9424807
1.9424973
1.9425266
1.9426107
1.9426987
1.9426857
1.942735
1.9426786
1.9427029
1.9427297
1.9426179
1.9424822
1.9424367
1.9425174
1.9425938
1.9425493
1.9424667
1.9425123
1.9426085
1.9426134
1.9426675
1.9426675
1.9426882
1.9427618
1.9427872
1.9427681
1.9427732
1.9428368
1.9429121
1.9429415
1.9429982
1.9430678
1.9430729
1.9430792
1.943139
1.943256
1.9433075
1.9433852
1.943381
1.943251
1.9430907
1.9428611
1.9425974
1.9424543
1.9424226
1.9423954
1.9423366
1.9423202
1.9424709
1.9426814
1.9427708
1.9428601
1.9430566
1.9431815
1.943298
1.9433819
1.9435515
1.9437652
1.9439876
1.9441844
1.9442933
1.9444636
1.9446026
1.9448284
1.945071
1.9452754
1.9455767
1.9458909
1.9460835
1.9462318
1.9462318
1.9464508
1.9466308
1.9466883
1.9467726
1.9468831
1.9469823
1.9470384
1.9471549
1.9473015
1.9473759
1.9473674
1.9473063
1.9471979
1.947218
1.9472187
1.9471242
1.9470701
1.9470558
1.9469813
1.9468192
1.9466249
1.9465102
1.9464064
1.9462295
1.9461445
1.9461386
1.946211
1.9461755
1.9461546
1.9462936
1.9464673
1.9465806
1.9466954
1.9468303
1.9469973
1.9472256
1.9473181
1.9473127
1.9474534
1.9476373
1.9477353
1.9478438
1.9479247
1.9480233
1.9482211
1.9483172
1.9484304
1.9487177
1.9487177
1.9490645
1.9493114
1.9494221
1.9495815
1.9497985
1.9499333
1.9499575
1.9499115
1.9499183
1.9500688
1.9501376
1.9502292
1.9503775
1.9504863
1.9505647
1.9505965
1.9505581
1.9505645
1.9506211
1.9506446
1.9506829
1.950666
1.9506569
1.9506531
1.9506134
1.9505183
1.9504157
1.9502203
1.9499223
1.9497217
1.9495481
1.949478
1.9493715
1.9492657
1.9491172
1.9490567
1.9489154
1.9488398
1.9487562
1.9486746
1.9486154
1.9485922
1.9484142
1.9481677
1.9479357
1.9478567
1.9478211
1.9477878
1.9477878
1.9477557
1.9477584
1.9478493
1.9479309
1.9479196
1.947948
1.9479194
1.947878
1.9477338
1.9476503
1.9476819
1.9477034
1.9476539
1.9474989
1.9474081
1.9475183
1.9475789
1.9475497
1.9475393
1.9475993
1.9477559
1.9479536
1.9481204
1.9484377
1.9487782
1.9490402
1.9492518
1.9494637
1.9497749
1.9499503
1.9500767
1.9502279
1.9503256
1.9503975
1.9503642
1.9503736
1.9504597
1.9505993
1.9506468
1.9506552
1.9506646
1.9506431
1.9506458
1.9505608
1.9505063
1.9505607
1.950733
1.9508976
1.9508976
1.9510226
1.9512148
1.9513928
1.9515245
1.951546
1.951598
1.9517545
1.9519447
1.9520408
1.9521068
1.9522607
1.9523772
1.9524986
1.9526168
1.9527297
1.9528142
1.9528785
1.9528645
1.9529384
1.9530042
1.9530653
1.9531177
1.9532026
1.9532554
1.9532535
1.9531579
1.9531573
1.953187
1.9532539
1.9532644
1.9532005
1.9533645
1.9536949
1.953824
1.953825
1.9539303
1.9540708
1.954018
1.9538226
1.9536912
1.9537296
1.9537323
1.9536269
1.9535931
1.95367
1.9537958
1.9538726
1.9538608
1.9538608
1.9538461
1.9539548
1.9539874
1.9540554
1.9541415
1.9543331
1.9545337
1.9546382
1.9546591
1.9547608
1.9548876
1.9550546
1.9551219
1.9551241
1.9550961
1.9550353
1.9549133
1.9548708
1.954995
1.9553324
1.9556206
1.9559518
1.9562297
1.9565713
1.956878
1.9571542
1.9574852
1.9578371
1.9582134
1.9584584
1.9586868
1.9588041
1.9588556
1.9588885
1.9590003
1.9591334
1.9593065
1.9594114
1.9594367
1.9594975
1.9594638
1.9594522
1.9594022
1.9593146
1.9592141
1.9591688
1.9590995
1.958978
1.958978
1.9590538
1.9590837
1.9590765
1.9590217
1.9590492
1.9591042
1.9591959
1.9592553
1.9594101
1.9595703
1.9597031
1.95985
1.960039
1.9602914
1.9605007
1.9606665
1.9606683
1.960708
1.9608237
1.9608334
1.9607595
1.9606235
1.9605473
1.9605305
1.9605042
1.9604027
1.9603747
1.9603151
1.9602275
1.9600925
1.9599628
1.9598051
1.9596385
1.9594448
1.9593053
1.9591285
1.9589145
1.9587324
1.958589
1.9583864
1.9582199
1.9579502
1.9577401
1.9575143
1.9573061
1.9571048
1.9569463
1.9568152
1.9568152
1.9567147
1.9566821
1.9565988
1.9565737
1.9565734
1.9565947
1.9566057
1.9567474
1.9568784
1.9569757
1.957006
1.957019
1.9570633
1.9571705
1.9571573
1.9571205
1.9572519
1.9574126
1.9574473
1.9572737
1.9571663
1.9570324
1.9569688
1.9569334
1.9567516
1.9566094
1.9565893
1.9567586
1.9567925
1.9567851
1.9568803
1.9569751
1.9570378
1.9570298
1.9570969
1.9573511
1.9574746
1.9575663
1.9576508
1.9578968
1.958017
1.9580321
1.9579709
1.957978
1.9580163
1.9580592
1.9580023
1.9579914
1.9579914
1.9579489
1.9579368
1.9579597
1.9580561
1.9581342
1.9581885
1.9582717
1.9581387
1.9580206
1.9578834
1.9576719
1.9575205
1.957334
1.9571124
1.9569193
1.9568552
1.9566989
1.9565743
1.9564633
1.9562466
1.956095
1.9559392
1.9557858
1.9556336
1.9555389
1.9554647
1.9552807
1.9550828
1.954895
1.9547563
1.9545714
1.9543322
1.9540746
1.9538953
1.9536716
1.9534504
1.9533775
1.9532559
1.9530021
1.9528176
1.9526492
1.9525285
1.9523916
1.952303
1.9522668
1.9522281
1.9521981
1.9521344
1.9521344
1.952124
1.9521506
1.9522656
1.9524968
1.9526647
1.9527308
1.9528402
1.9531245
1.9533406
1.9534886
1.9536746
1.9538343
1.9539539
1.9540484
1.9540701
1.9541817
1.9542131
1.9542371
1.9542538
1.9542148
1.9542748
1.9543799
1.9544798
1.9545622
1.9547613
1.9549581
1.9550059
1.9550452
1.9551141
1.9551988
1.9551666
1.9551339
1.9552164
1.9552723
1.9552708
1.9552048
1.9551524
1.9549756
1.9548385
1.9546406
1.9543699
1.9540659
1.9537847
1.9535807
1.9534429
1.9533123
1.9532712
1.9532036
1.9532036
1.9531447
1.9530307
1.9528792
1.952704
1.952593
1.9526081
1.9525874
1.9526689
1.9528062
1.9528608
1.9528545
1.9528939
1.9529335
1.9528526
1.9528788
1.9528774
1.9528989
1.9528953
1.9529731
1.9531258
1.9532788
1.953495
1.95358
1.9536427
1.9537657
1.9539686
1.9541581
1.954382
1.9546474
1.9547454
1.9547948
1.954762
1.9548701
1.954959
1.954873
1.9547249
1.9546665
1.9546139
1.954479
1.954221
1.9540973
1.9540682
1.9540558
1.9539487
1.9538466
1.953825
1.9536693
1.9535075
1.9535075
1.9534355
1.9533345
1.9531888
1.9530638
1.9529704
1.9529642
1.9530597
1.9530246
1.953005
1.9530823
1.9531977
1.9532166
1.9533001
1.9534245
1.9534761
1.9534872
1.9533901
1.9533868
1.9533669
1.9532871
1.9530976
1.9529996
1.952857
1.9527746
1.9527507
1.9527491
1.9528487
1.9530137
1.9531494
1.9530864
1.9530126
1.952906
1.9528077
1.9527578
1.9527154
1.9526676
1.9525844
1.952361
1.952169
1.9520218
1.9518405
1.9515972
1.9513123
1.9510711
1.9509416
1.9507878
1.9508262
1.950812
1.950812
1.9508288
1.9509652
1.9510957
1.9512451
1.9513589
1.9515327
1.9517547
1.9520563
1.9524448
1.9527674
1.9530219
1.9532223
1.9534031
1.9534907
1.9535966
1.9536167
1.9535644
1.9535141
1.953522
1.9535483
1.9535692
1.9534727
1.9533126
1.953116
1.9529523
1.9527928
1.9526287
1.9524578
1.9522933
1.952076
1.951787
1.9515338
1.9514117
1.9514009
1.9513702
1.9512581
1.9511257
1.9510796
1.9511443
1.9512215
1.9513825
1.9516839
1.9519502
1.9522035
1.9525017
1.9528389
1.9531583
1.9534228
1.9534228
1.9537321
1.9539355
1.9541781
1.9543107
1.954473
1.9547297
1.9549762
1.9552199
1.9555538
1.9559473
1.9562688
1.9565178
1.9568527
1.9571235
1.9573257
1.9575678
1.957762
1.957973
1.958169
1.9582801
1.9583297
1.958506
1.9587352
1.9588754
1.9589863
1.959031
1.9590436
1.959005
1.9590034
1.9589982
1.9589026
1.9589448
1.9588237
1.9586871
1.9585936
1.9585509
1.9585303
1.9583558
1.9581527
1.9580727
1.9580826
1.9580092
1.9578182
1.9575943
1.9573842
1.9571509
1.9569486
1.9567361
1.9567361
1.9565989
1.9564064
1.9562368
1.956109
1.9560226
1.956019
1.9560521
1.9561136
1.9561957
1.9562998
1.9565609
1.956828
1.9570686
1.9573599
1.9576588
1.9579346
1.9581523
1.9581769
1.958129
1.9581084
1.958028
1.957935
1.9579122
1.9579002
1.9578743
1.9578624
1.9579678
1.9581158
1.9581844
1.958291
1.9583405
1.9583882
1.9584914
1.9585934
1.9587358
1.9589211
1.9591175
1.9591311
1.9591011
1.9590297
1.9588757
1.9586526
1.958603
1.9586635
1.9586524
1.9585716
1.958524
1.9584446
1.9584446
1.9584174
1.9583197
1.9583579
1.9584601
1.9584846
1.9584389
1.9582945
1.9581337
1.9579848
1.9579006
1.9578091
1.957623
1.9575608
1.957504
1.9572791
1.9570998
1.9568588
1.9566525
1.9564602
1.9563359
1.9562446
1.9561664
1.9561259
1.956223
1.956307
1.9563111
1.9563476
1.9563648
1.9563019
1.9562895
1.9562395
1.9561958
1.9560338
1.9559667
1.9559177
1.955916
1.9558923
1.9558241
1.9556359
1.9557035
1.9558042
1.9558183
1.9557705
1.9556682
1.9556322
1.9556104
1.9556166
1.9556278
1.9556278
1.9557148
1.9558356
1.9559373
1.9559824
1.9560688
1.9561398
1.9560983
1.9561299
1.9561965
1.9562176
1.9563069
1.9562681
1.9561772
1.9560115
1.9559766
1.9560045
1.9560511
1.956104
1.9560972
1.9561208
1.9562253
1.9562759
1.956299
1.956368
1.9564524
1.9564916
1.956425
1.9562196
1.956187
1.9560562
1.955916
1.9557215
1.9554365
1.9553237
1.9551435
1.9548472
1.9545492
1.954414
1.9542627
1.9540465
1.9538199
1.9537843
1.9537421
1.9536244
1.9534782
1.9535708
1.9537272
1.9538012
1.9538012
1.9538778
1.9539918
1.954124
1.9540989
1.9539214
1.9537933
1.9536022
1.953304
1.9530838
1.9529134
1.952851
1.9528445
1.9528139
1.9526994
1.9526715
1.9527327
1.9527024
1.9525157
1.9524001
1.9524007
1.9522756
1.9520972
1.9519597
1.9519161
1.9519367
1.9518701
1.9519805
1.9522698
1.9526528
1.9529068
1.9530767
1.953323
1.953535
1.9536058
1.9536681
1.9537832
1.9537758
1.9537414
1.9536573
1.9535892
1.9535292
1.9534546
1.9532993
1.953136
1.9529862
1.9528576
1.9527171
1.9526031
1.9526031
1.9525118
1.9524845
1.9525316
1.9525032
1.9526298
1.9528502
1.9530454
1.9532183
1.9533472
1.9535358
1.9537662
1.9538965
1.9540547
1.954372
1.9547707
1.955024
1.95503
1.9550705
1.9550986
1.9550986
1.9551226
1.9551181
1.9552139
1.9552517
1.9552256
1.9551632
1.9551462
1.9551238
1.9551579
1.9551861
1.9552507
1.9552636
1.9551185
1.9549869
1.9548937
1.9548374
1.9547356
1.9546632
1.9546603
1.9547188
1.9547678
1.954883
1.954922
1.9550518
1.9550503
1.9550215
1.9549475
1.9548144
1.9548144
1.9546688
1.9545836
1.9544923
1.9544089
1.9544725
1.9544499
1.9543957
1.9543272
1.9543169
1.954225
1.9541901
1.9541963
1.9542574
1.9543118
1.9543303
1.9543858
1.9545316
1.9545906
1.9546235
1.9546492
1.9547949
1.9548717
1.9548818
1.9548168
1.9547371
1.954608
1.9542483
1.9538826
1.9535217
1.9531041
1.9526484
1.9521494
1.9516435
1.9512923
1.9509742
1.950591
1.9502293
1.9499032
1.9497223
1.9495264
1.9492898
1.9491234
1.9489648
1.9489572
1.9489342
1.948879
1.9487338
1.9485856
1.9485856
1.9485239
1.9485134
1.9484683
1.9483461
1.9483303
1.9482629
1.9480574
1.948014
1.9479839
1.9480779
1.9481318
1.9480879
1.9481943
1.9482914
1.9483715
1.9484184
1.9482932
1.9479975
1.9477226
1.9474446
1.9471779
1.9469912
1.9469053
1.9468569
1.9467673
1.9466647
1.9465992
1.9464712
1.9464356
1.9464277
1.9463636
1.9463269
1.9463595
1.9462893
1.9462756
1.9462155
1.9460645
1.9459403
1.9459313
1.9458381
1.9456834
1.9455547
1.945459
1.9453188
1.9452717
1.9452987
1.9453802
1.9454463
1.9454463
1.9453545
1.9455678
1.9457434
1.9459467
1.9460796
1.9461801
1.9462665
1.9463362
1.946466
1.9466382
1.9467736
1.9469416
1.9470929
1.9471337
1.9470288
1.9468958
1.9467416
1.9466217
1.9465467
1.946415
1.9463457
1.9462192
1.9461356
1.9460342
1.9460446
1.9460019
1.9458431
1.9457836
1.9458698
1.9459968
1.9457886
1.9455719
1.9454395
1.9454308
1.9455072
1.945551
1.945483
1.945421
1.9453665
1.9451313
1.9449052
1.9447994
1.944689
1.9447236
1.9447718
1.9446903
1.9445776
1.9446337
1.9446337
1.9447677
1.9450005
1.9451745
1.9453442
1.9455901
1.9457525
1.9459805
1.9461958
1.9464276
1.9466444
1.9467446
1.9467928
1.9469247
1.9470783
1.9472339
1.947521
1.9477106
1.9478885
1.9480819
1.9483917
1.9486427
1.948768
1.9488685
1.9490703
1.9492882
1.9494925
1.9497954
1.9502494
1.9506522
1.950866
1.9509264
1.9510022
1.9510664
1.9511443
1.951139
1.9511044
1.9510039
1.950934
1.9509616
1.9510758
1.9512743
1.9515287
1.9516767
1.9518942
1.9521371
1.9524151
1.9526463
1.9528819
1.9528819
1.953047
1.9532601
1.9535109
1.9538699
1.9542212
1.9545074
1.9548844
1.9552903
1.9556445
1.9560555
1.9564497
1.9566716
1.9569035
1.9570241
1.9571044
1.9571486
1.9571508
1.9569618
1.9566455
1.9563408
1.9560151
1.9556549
1.9553177
1.9551102
1.9549521
1.9546968
1.9544735
1.9542992
1.9542444
1.9542133
1.9542983
1.9544456
1.9545113
1.9547254
1.9548701
1.9548659
1.9549372
1.9550221
1.955094
1.9550774
1.9551159
1.9551537
1.955174
1.9551084
1.9549059
1.9548258
1.9547288
1.9545801
1.9545801
1.9543216
1.954102
1.9539285
1.9537599
1.9536086
1.9535499
1.9536173
1.9536992
1.9537375
1.9537643
1.9538591
1.9539528
1.9539242
1.9537418
1.9536729
1.9536151
1.9535311
1.9533465
1.9532022
1.9529238
1.9528059
1.9527413
1.9527074
1.9526939
1.9526865
1.9527049
1.9528161
1.9529082
1.9530337
1.9531872
1.9532565
1.9531798
1.9531947
1.9532735
1.9533323
1.953489
1.9536262
1.9537703
1.9538271
1.9538628
1.9538772
1.9538529
1.9538927
1.953898
1.9538431
1.9538784
1.953982
1.954069
1.954069
1.9541807
1.9544278
1.9546614
1.954897
1.9551957
1.9557245
1.9562472
1.9566665
1.9569589
1.9572194
1.9573725
1.9575603
1.95761
1.9576294
1.957584
1.9575754
1.9575799
1.9577043
1.9578696
1.9579877
1.9580324
1.9580139
1.9580387
1.9580089
1.9576952
1.9575073
1.9573203
1.9571929
1.9569305
1.9567658
1.956719
1.9566483
1.9565873
1.9564967
1.9564886
1.9564868
1.9566427
1.9567448
1.9568065
1.9569302
1.9569265
1.9570396
1.9571874
1.9573431
1.957271
1.9571458
1.957163
1.9572264
1.9572264
1.9571879
1.9573032
1.9573818
1.9576756
1.9578327
1.9581107
1.9583237
1.9586796
1.9590074
1.9592357
1.9594373
1.9596412
1.9598507
1.9600468
1.9602695
1.9606029
1.9608474
1.9610598
1.9611089
1.9610813
1.9611514
1.9610686
1.9608216
1.9607469
1.9605888
1.9604336
1.96014
1.9598587
1.9595326
1.959172
1.9587547
1.9583222
1.9579779
1.957758
1.9577445
1.9576108
1.9574659
1.957156
1.9568124
1.9565403
1.956424
1.9563769
1.9563739
1.9562705
1.9561133
1.9560746
1.9560509
1.9561942
1.9561942
1.9563643
1.9564657
1.9565209
1.9564247
1.9562931
1.9561694
1.9560759
1.9560342
1.9558403
1.9556454
1.9554979
1.9554579
1.9554167
1.95532
1.9551334
1.9549794
1.9547937
1.9545172
1.9542806
1.9541723
1.9540174
1.9538919
1.9538385
1.9537709
1.953689
1.953747
1.9538136
1.9539628
1.9541556
1.9543006
1.9544344
1.9546016
1.9548495
1.9550823
1.9552761
1.9553722
1.9555167
1.9556787
1.95577
1.9559234
1.9561499
1.9563004
1.9562962
1.9563566
1.9564565
1.956596
1.9568597
1.9572134
1.9572134
1.9575713
1.9578543
1.9580866
1.9582527
1.9585123
1.9587437
1.9589003
1.9591147
1.9593487
1.9595594
1.9598409
1.9602808
1.9606265
1.9608824
1.9611975
1.9615364
1.9618601
1.9620391
1.9621459
1.9624311
1.9626007
1.962713
1.9627719
1.9629015
1.9630307
1.9630796
1.9631748
1.9632789
1.9634814
1.9636505
1.9636625
1.9635912
1.9634203
1.9633019
1.9630533
1.9627826
1.9624463
1.962067
1.9616982
1.9613172
1.9609975
1.9607185
1.9605443
1.9603986
1.9601707
1.9599233
1.9598087
1.9596715
1.9596715
1.9596415
1.9596442
1.9596301
1.9594707
1.9593128
1.9593147
1.9593335
1.9593871
1.9593624
1.9593744
1.9595367
1.9597346
1.9598958
1.9599849
1.9599783
1.9599273
1.9599524
1.9600686
1.9602255
1.9604197
1.9606429
1.9609135
1.9610316
1.9611678
1.9612236
1.9613112
1.9613832
1.9614761
1.9614719
1.9615852
1.961667
1.9617381
1.9618173
1.9618233
1.9618157
1.961975
1.9621454
1.9623287
1.9624501
1.962497
1.9623412
1.9622319
1.9621153
1.9618303
1.9616343
1.9614514
1.961208
1.9608057
1.9608057
1.9604352
1.9601129
1.9599067
1.9597741
1.9596226
1.9594417
1.9592545
1.9591776
1.959035
1.9588454
1.9585948
1.9582103
1.9579029
1.9576247
1.9572055
1.9568269
1.956474
1.95611
1.9559288
1.9558295
1.9558293
1.9558436
1.9557604
1.9556713
1.955582
1.955576
1.9555489
1.9555901
1.9557112
1.9558709
1.9560277
1.9561902
1.9563315
1.9564669
1.9566141
1.9567285
1.9568087
1.9569572
1.9571465
1.9573768
1.9576448
1.9578408
1.9580864
1.9582009
1.9582301
1.9582771
1.9582634
1.9580959
1.9580959
1.9579414
1.9577519
1.9576329
1.9576135
1.9575936
1.957546
1.9573572
1.9571688
1.9570951
1.9570128
1.9570243
1.9570847
1.9571453
1.9572667
1.9574026
1.9575185
1.9576347
1.9578549
1.958126
1.9583933
1.9586288
1.9588597
1.9590453
1.9592228
1.9594318
1.959681
1.9598473
1.960001
1.9602164
1.9603596
1.9604795
1.9605641
1.9606136
1.9607097
1.9608147
1.9609411
1.9609965
1.961111
1.9612347
1.9613159
1.9614018
1.9614657
1.9615636
1.961689
1.9617805
1.961989
1.9621557
1.9622524
1.9622524
1.9624214
1.9625795
1.9626601
1.9627895
1.9628828
1.9629856
1.9630992
1.9632503
1.9633924
1.9635754
1.9637232
1.9638851
1.9640018
1.9641403
1.9643005
1.9644645
1.9646566
1.9647931
1.9649457
1.9650438
1.9651587
1.9653953
1.965616
1.9657362
1.9658554
1.9660475
1.9661918
1.9663253
1.9664615
1.966479
1.9663483
1.9661689
1.966027
1.9659742
1.9659904
1.9660549
1.9660758
1.966017
1.9659743
1.9659176
1.9658471
1.965832
1.9658093
1.9658576
1.9659475
1.9659405
1.9658774
1.9658686
1.9658686
1.965933
1.9660014
1.9660618
1.9661024
1.9661529
1.966218
1.966285
1.966326
1.9662974
1.9662973
1.9662985
1.9663035
1.9662619
1.9662479
1.9662554
1.9662931
1.9663129
1.9662746
1.9662503
1.9662578
1.9662606
1.9662743
1.9662584
1.9662987
1.966319
1.9663776
1.9664671
1.9665265
1.966567
1.9665734
1.9665354
1.9665029
1.96644
1.9665127
1.9667217
1.9668679
1.967008
1.9671836
1.9673758
1.9675602
1.9676661
1.9678224
1.9679874
1.9682322
1.9684876
1.9687189
1.968912
1.9690398
1.9690398
1.96918
1.9693384
1.9694817
1.9696008
1.9697073
1.969831
1.9698987
1.969945
1.9699992
1.9700723
1.9701264
1.9702166
1.9702888
1.9703124
1.9703918
1.9704822
1.9705728
1.9706843
1.9707971
1.9709113
1.9710419
1.9711914
1.9713323
1.9714421
1.971534
1.971609
1.9717016
1.9717603
1.9718682
1.9720051
1.9721344
1.9722449
1.9723866
1.9725354
1.972708
1.9729056
1.9730271
1.9730815
1.9731133
1.9730915
1.9730682
1.9730908
1.973141
1.9731911
1.9732763
1.9733163
1.9733573
1.973398
1.973398
1.9734364
1.9734973
1.9735996
1.973711
1.9738278
1.9739201
1.9740014
1.9741164
1.9741949
1.9742558
1.9742681
1.974263
1.9742837
1.9743518
1.9743916
1.9744122
1.9743868
1.974341
1.9743155
1.9743226
1.9743252
1.9743338
1.9743327
1.9743419
1.9743618
1.9743845
1.9744878
1.9745833
1.9746438
1.9747387
1.9748182
1.9748787
1.9749305
1.9750302
1.9750915
1.9751496
1.9752278
1.9753035
1.9753448
1.9752976
1.9752262
1.975199
1.9751964
1.975215
1.9752235
1.9752774
1.9753345
1.9753618
1.9753618
1.9753894
1.9754225
1.9754509
1.9754584
1.9754688
1.9755011
1.9755315
1.9755764
1.9756572
1.9757463
1.9757981
1.9758595
1.9758971
1.9759439
1.9759858
1.9760329
1.9760796
1.9761183
1.9761214
1.9761238
1.9761311
1.9761448
1.976189
1.9762137
1.9762079
1.9761642
1.9761161
1.9760851
1.9759821
1.9758643
1.9757642
1.9756777
1.9756243
1.975598
1.9755381
1.9754851
1.9754423
1.9753679
1.9752964
1.9752351
1.9751915
1.9751581
1.9751744
1.9751871
1.9751807
1.9751645
1.9751649
1.9751639
1.9751639
1.9751683
1.9751437
1.9751068
1.9750537
1.9750044
1.9749804
1.974983
1.9749918
1.9750024
1.9750364
1.9750549
1.9750755
1.9751029
1.9751301
1.9751496
1.9751551
1.9751581
1.9751667
1.9751937
1.9752139
1.9752425
1.9752864
1.9753356
1.9753906
1.9754286
1.975467
1.9754925
1.975513
1.9755259
1.9755337
1.9755763
1.975631
1.9756802
1.9756962
1.9757322
1.9758086
1.9758713
1.9759454
1.9760072
1.9760855
1.976176
1.9762565
1.9763414
1.9764462
1.9765515
1.976651
1.9767303
1.9768131
1.9768131
1.9768537
1.9768937
1.9769229
1.9769504
1.9769751
1.9770068
1.9770314
1.977057
1.977071
1.9770898
1.9771087
1.9771227
1.977139
1.9771615
1.9771736
1.9771901
1.9772025
1.97722
1.9772323
1.9772356
1.9772389
1.9772598
1.9772756
1.9772853
1.9772917
1.9773065
1.9773206
1.9773241
1.9773222
1.9773182
1.9773272
1.9773339
1.9773476
1.9773617
1.9773688
1.9773734
1.9773781
1.9773825
1.9773793
1.9773841
1.9773825
1.9773749
1.9773681
1.9773694
1.977364
1.9773625
1.9773597
1.977366
1.9753618
