1.0
1.000017
0.9998871
1.0003055
0.9998268
1.0001752
0.99992055
0.99939865
0.99883914
0.99814254
0.99749136
0.9967952
0.9961185
0.9953428
0.9944915
0.99361557
0.99268544
0.99172896
0.990811
0.99003977
0.98934495
0.9885625
0.98798865
0.98748136
0.9867894
0.9860653
0.9852119
0.9844241
0.98360974
0.9826828
0.9816944
0.9808037
0.9800231
0.979165
0.9783864
0.97778887
0.97732675
0.97676045
0.9762085
0.97555375
0.97490263
0.9741608
0.9733422
0.9725673
0.9718183
0.9711092
0.9705762
0.97022015
0.96982896
0.96982896
0.9694411
0.9690214
0.9685874
0.968088
0.96759003
0.9670141
0.9663473
0.96557415
0.9649685
0.9643404
0.96389174
0.96363574
0.9634451
0.963243
0.9631914
0.9633379
0.9634959
0.96360016
0.9635505
0.9634814
0.9634622
0.9632832
0.9631478
0.9630118
0.96289486
0.962674
0.9623504
0.96212316
0.96196353
0.9616838
0.96144295
0.9612655
0.9610445
0.96077704
0.96054554
0.96037465
0.9602243
0.9600744
0.960042
0.9600174
0.96019757
0.960854
0.9617983
0.9628735
0.9640587
0.9653069
0.96677744
0.96834874
0.96834874
0.97005844
0.9718192
0.97347325
0.97508746
0.97683233
0.97865367
0.9804631
0.98217005
0.9839345
0.9858193
0.9877526
0.98956186
0.9913287
0.9931676
0.9948781
0.99644786
0.9978044
0.9993095
1.0008768
1.0023595
1.0038328
1.0052918
1.0066718
1.0080444
1.0095146
1.0110627
1.0127757
1.0141305
1.0153041
1.0163859
1.0175188
1.0189519
1.0204599
1.0220991
1.0235405
1.0250729
1.0266926
1.0283834
1.0300884
1.0318624
1.0335449
1.0352653
1.0369862
1.0389041
1.0409752
1.0427403
1.044383
1.0461464
1.0461464
1.0478427
1.049698
1.0515609
1.0532845
1.0548146
1.0565348
1.0584079
1.0602832
1.0619512
1.0636594
1.065372
1.0672593
1.0691837
1.0710981
1.0730593
1.0748256
1.0764084
1.0778556
1.0794208
1.0810728
1.0827715
1.0845234
1.0863751
1.0880644
1.0895594
1.0910461
1.0924963
1.0941244
1.0956914
1.0973616
1.0989423
1.1003231
1.1016473
1.1029145
1.104118
1.1053057
1.1064442
1.1076168
1.1088041
1.1099892
1.1110942
1.1121432
1.113111
1.1141101
1.1151123
1.1161729
1.1172059
1.1184505
1.1184505
1.119494
1.120441
1.1214193
1.122404
1.1234118
1.1243733
1.1253504
1.1264058
1.1273942
1.1284842
1.1295741
1.1308451
1.1324136
1.133856
1.1352127
1.1364483
1.1375736
1.138736
1.139847
1.1409134
1.1419632
1.1430166
1.1440521
1.1449496
1.145784
1.1465293
1.1472727
1.1480491
1.1487657
1.1494136
1.1501806
1.1508662
1.1514646
1.1522311
1.1530412
1.1538604
1.1546465
1.1553532
1.1562473
1.1570482
1.1579045
1.1588262
1.1598299
1.160769
1.1616905
1.1625319
1.1633867
1.1642252
1.1642252
1.1650649
1.1658858
1.1667955
1.1677318
1.1687328
1.169737
1.1706542
1.1717107
1.1727903
1.173769
1.1746396
1.1755228
1.176391
1.1772772
1.1781478
1.1790727
1.1800108
1.1809721
1.181873
1.1828187
1.1840208
1.1852868
1.1864034
1.1874434
1.1883332
1.1891872
1.1899798
1.1908219
1.1916941
1.1925187
1.1933028
1.1940395
1.1947231
1.195415
1.1961085
1.1966852
1.1972021
1.1976517
1.1981236
1.1985708
1.199202
1.1998082
1.2006198
1.2013528
1.2019069
1.2023987
1.2030396
1.2036399
1.2036399
1.20421
1.2047635
1.2052962
1.2057724
1.2062186
1.2067107
1.2071649
1.2076076
1.2081
1.2085649
1.2091055
1.2096153
1.2102271
1.2109079
1.2115496
1.21231
1.2130111
1.213682
1.2143512
1.214954
1.2154802
1.2159215
1.2164016
1.2168763
1.2173564
1.2178925
1.2184534
1.2190337
1.2196524
1.2201854
1.2206854
1.2212888
1.2219057
1.2224987
1.2230226
1.2235503
1.2241747
1.2247695
1.2253176
1.2258834
1.2263743
1.2268318
1.22734
1.2278574
1.2283955
1.2288588
1.2293372
1.2297621
1.2297621
1.2301552
1.2305408
1.2310601
1.2314985
1.232051
1.2325675
1.2331846
1.2337409
1.2343544
1.2349313
1.2354462
1.2360239
1.2365662
1.2369512
1.2375424
1.2381608
1.2388322
1.2395028
1.2401795
1.2408347
1.2414458
1.2420634
1.2425325
1.2429184
1.2432204
1.2435492
1.2439381
1.2443948
1.2448015
1.245351
1.2458495
1.2463629
1.2468907
1.2475328
1.2482231
1.2488959
1.2494004
1.2498175
1.2503247
1.250773
1.25126
1.2517291
1.2522264
1.2525909
1.2532238
1.253769
1.2542038
1.2546979
1.2546979
1.2551359
1.2557359
1.2563454
1.2568443
1.2573614
1.2578532
1.2584094
1.258914
1.2596216
1.2602706
1.2609785
1.2615914
1.2621579
1.2627896
1.2633775
1.2638966
1.2643747
1.2648723
1.265443
1.266127
1.2667893
1.2675316
1.2683495
1.2690923
1.2699052
1.2709625
1.2718692
1.272796
1.2737006
1.274562
1.2755129
1.2765474
1.2775447
1.2785944
1.279525
1.2804145
1.281314
1.282157
1.282979
1.283708
1.2843362
1.2849373
1.2855328
1.2861478
1.2866977
1.2871436
1.2875893
1.2879738
1.2879738
1.2884034
1.2890209
1.2895842
1.290197
1.2908306
1.2914789
1.2921398
1.2927219
1.2932585
1.2937534
1.2943146
1.2948345
1.2953455
1.2958918
1.2964721
1.2969906
1.2974758
1.2979956
1.2985982
1.2992392
1.3000172
1.3008643
1.3015473
1.3022822
1.3029011
1.3034741
1.3040524
1.3046623
1.3051953
1.305694
1.3061664
1.3066577
1.3073149
1.3079526
1.3085622
1.3091722
1.3098626
1.3105603
1.3111796
1.3117079
1.3122257
1.3127514
1.3132154
1.313756
1.3142477
1.3147938
1.3152777
1.3156916
1.3156916
1.3161439
1.316476
1.3167676
1.3171239
1.3174961
1.3178347
1.3181639
1.3184474
1.3190335
1.319531
1.3200927
1.320531
1.3209275
1.3212616
1.3218012
1.3222651
1.3228238
1.323473
1.3240429
1.3247478
1.325427
1.3260981
1.3267426
1.327384
1.3279221
1.3284926
1.3290701
1.3296452
1.3302206
1.3307419
1.331266
1.3320404
1.3327894
1.3334113
1.3340019
1.3345518
1.3351538
1.3357743
1.3365318
1.3372196
1.3377739
1.338228
1.3389038
1.339541
1.340238
1.3408918
1.3417069
1.342544
1.342544
1.3434757
1.3443748
1.3451596
1.3459373
1.3466415
1.3472925
1.3480736
1.3489753
1.3497543
1.3505131
1.3512257
1.3520292
1.3527849
1.3535032
1.3542718
1.3550608
1.3557388
1.3564205
1.3570147
1.3575574
1.358155
1.358776
1.3593674
1.359891
1.3604883
1.3611954
1.3619
1.3626393
1.3633975
1.3641751
1.3648782
1.3655888
1.36635
1.3670311
1.3675871
1.3681753
1.368726
1.3692788
1.3699296
1.3705118
1.3710132
1.371464
1.3718925
1.372332
1.3728241
1.3732672
1.3736396
1.3739697
1.3739697
1.3742007
1.3744853
1.3747458
1.3750743
1.3754091
1.375763
1.3760678
1.3764275
1.3768147
1.3772022
1.3777863
1.378381
1.3788623
1.3794616
1.3801498
1.3808012
1.3815067
1.3821901
1.382779
1.383287
1.3837695
1.384238
1.3846313
1.3850675
1.385485
1.3859735
1.3865259
1.3871232
1.3877002
1.3882477
1.3886724
1.3891283
1.3896391
1.3901156
1.3905727
1.3909694
1.3913835
1.3917944
1.392223
1.3926239
1.3930794
1.3934689
1.3937861
1.3942325
1.3948222
1.3953632
1.3960458
1.396671
1.396671
1.3972142
1.3978122
1.3984114
1.3990958
1.3997747
1.4003136
1.4006317
1.4010711
1.4016414
1.4023176
1.4027948
1.403198
1.4036812
1.4040698
1.4044763
1.4048406
1.4053448
1.4059019
1.4064533
1.4069641
1.4074688
1.4079535
1.4084839
1.4089655
1.4093848
1.4097337
1.410079
1.4104766
1.4109681
1.4114493
1.4118867
1.4122705
1.4126517
1.4129652
1.4132855
1.4136392
1.4139411
1.4143933
1.4147666
1.4151489
1.4157369
1.416323
1.4168136
1.4171871
1.4175462
1.4181224
1.4187548
1.4192985
1.4192985
1.4196614
1.4200797
1.4205214
1.4211339
1.4217652
1.4223388
1.4227624
1.4231312
1.4233918
1.4237083
1.4240857
1.4245709
1.4250476
1.4253987
1.4256352
1.4258726
1.4261088
1.4264877
1.4269682
1.4274186
1.4278233
1.4281158
1.4283055
1.4285263
1.4288055
1.429201
1.4295074
1.4297686
1.4300282
1.4302729
1.4306087
1.4310441
1.4315183
1.4319036
1.432207
1.4323826
1.432695
1.4330188
1.4333897
1.4338062
1.4341869
1.4346741
1.4349706
1.4352032
1.4354947
1.4357964
1.4361175
1.436237
1.436237
1.4362351
1.4361756
1.4361936
1.4363096
1.4364384
1.4365959
1.4368024
1.4370198
1.4372802
1.4375801
1.4378761
1.438298
1.4386518
1.4389127
1.4391134
1.4393637
1.4396727
1.4400773
1.4404948
1.4409448
1.4412576
1.4415455
1.4419419
1.4423903
1.4429027
1.4433774
1.4437901
1.4441305
1.4444795
1.4448391
1.4452646
1.4456518
1.4459927
1.446248
1.4464899
1.4468555
1.4471756
1.4475372
1.4479795
1.4482839
1.4485126
1.4488677
1.4493012
1.4500262
1.4507169
1.4516469
1.4525497
1.4534749
1.4534749
1.4543049
1.4550415
1.455715
1.4563985
1.4570678
1.4577528
1.4584858
1.4591482
1.4597893
1.4603558
1.4607645
1.4611617
1.4617529
1.46238
1.4628989
1.4632812
1.4635609
1.4639066
1.4643401
1.4648596
1.4653019
1.4656729
1.4659971
1.4663675
1.4667634
1.4672524
1.467737
1.4681497
1.4685051
1.4689337
1.4693583
1.4699615
1.4705074
1.4708725
1.4711654
1.4715923
1.4721588
1.4727662
1.4733574
1.4737939
1.4741836
1.474587
1.4749628
1.4753214
1.4755794
1.4758022
1.4759881
1.4762198
1.4762198
1.4765999
1.4770758
1.4773573
1.4776281
1.4778932
1.4782426
1.4786365
1.4790307
1.479498
1.4799794
1.4804742
1.4809234
1.4813745
1.4820675
1.4826714
1.4831904
1.4836003
1.4839594
1.484413
1.4848707
1.4853594
1.485727
1.4860257
1.4863427
1.4867347
1.4871466
1.4874291
1.4875973
1.48772
1.4879167
1.4883951
1.4889426
1.4893118
1.4896264
1.4898996
1.4901594
1.490446
1.490771
1.4909914
1.4912361
1.4914012
1.4916927
1.4921107
1.4925733
1.4929469
1.4932003
1.4935135
1.4938322
1.4938322
1.4941121
1.4944496
1.4947633
1.4950815
1.4953393
1.4956264
1.4959334
1.4963669
1.4968035
1.4972225
1.497561
1.49788
1.4980656
1.4982576
1.4985219
1.4986908
1.4988781
1.4990424
1.4992028
1.4993355
1.4995402
1.4996891
1.499699
1.4998388
1.5001285
1.5005037
1.5008382
1.5010585
1.5012366
1.5014343
1.5017216
1.5020763
1.5024846
1.5028112
1.5030326
1.5032184
1.503521
1.5037798
1.504109
1.5043714
1.5044174
1.5045803
1.5048978
1.5052764
1.5056543
1.5059218
1.5061811
1.5064231
1.5064231
1.5066016
1.5068004
1.5070235
1.5071944
1.5072821
1.5073497
1.507412
1.5074052
1.5074284
1.507478
1.5075742
1.5077474
1.5079756
1.5082209
1.5085131
1.5088042
1.5090251
1.5092808
1.5095075
1.5097973
1.5099114
1.5100554
1.5103495
1.510661
1.5108371
1.5109117
1.5109805
1.5111427
1.5115703
1.5119994
1.5123669
1.5126982
1.5130806
1.5134467
1.5138818
1.5144284
1.5150331
1.5154815
1.515805
1.516104
1.5164071
1.5166799
1.51715
1.517501
1.5177375
1.5179203
1.5182211
1.5185267
1.5185267
1.5188917
1.5191796
1.519384
1.5195265
1.5197124
1.5201229
1.5205251
1.5209742
1.5214336
1.52188
1.5222808
1.5226154
1.5229844
1.5233525
1.5236607
1.5238925
1.523881
1.5239102
1.5241638
1.524473
1.52493
1.5253316
1.5257522
1.5259972
1.5262668
1.526485
1.5268737
1.5272555
1.527525
1.5276152
1.5277971
1.528081
1.528576
1.5289994
1.5293461
1.5294788
1.5296372
1.5298699
1.5303725
1.5308186
1.5310792
1.5313123
1.531568
1.5319785
1.5326035
1.5331827
1.5335705
1.5339323
1.5339323
1.5343288
1.5349908
1.5356137
1.5361338
1.5365657
1.5369763
1.537411
1.5378549
1.5384061
1.5388944
1.5393057
1.5396267
1.5400085
1.5404903
1.5409491
1.5414413
1.5420209
1.5424591
1.5428609
1.5431958
1.5435852
1.5439475
1.5443141
1.5445616
1.5447057
1.5447575
1.5448406
1.5449672
1.5450573
1.5450591
1.545084
1.5450827
1.545184
1.5454398
1.5457622
1.5460528
1.5463089
1.5464771
1.5466026
1.5467659
1.5469756
1.5470741
1.5470535
1.5470594
1.5472931
1.5474731
1.547628
1.5477127
1.5477127
1.5479872
1.5482712
1.5484993
1.5487206
1.5490354
1.549319
1.5495579
1.5498497
1.550008
1.5500913
1.5500853
1.550145
1.5502586
1.5503572
1.5503314
1.5503742
1.5504265
1.5507538
1.5510226
1.551183
1.5513889
1.5516269
1.5520986
1.5526344
1.5530659
1.553582
1.5541177
1.5545336
1.5548806
1.5551991
1.5555471
1.5558722
1.5562044
1.5565335
1.5568105
1.5571885
1.5574754
1.557694
1.5577824
1.557979
1.5581877
1.5582976
1.5583875
1.558436
1.5587039
1.558963
1.559118
1.5592608
1.5592608
1.5594215
1.5596778
1.5600123
1.5602373
1.5604448
1.5606775
1.5610222
1.5613562
1.5615933
1.5618334
1.5620826
1.5622705
1.5624459
1.5626326
1.5628498
1.5630883
1.5632981
1.5634733
1.5637157
1.5639672
1.5643294
1.5647057
1.5650334
1.5655501
1.5660542
1.5665917
1.5671504
1.5676718
1.5681384
1.5684863
1.5690923
1.5695816
1.569871
1.5703009
1.57065
1.5709466
1.5713912
1.5718195
1.5720586
1.5723367
1.5726472
1.5729576
1.5732442
1.5733889
1.5736215
1.5739334
1.5742334
1.5744891
1.5744891
1.5748131
1.5750844
1.5753375
1.5755383
1.5757049
1.5758781
1.5761659
1.5762484
1.5762384
1.5762371
1.5761557
1.5762075
1.5763047
1.5764198
1.5765861
1.5767154
1.5768685
1.5770512
1.5772052
1.5772219
1.5771163
1.5771018
1.5770851
1.576943
1.5768869
1.5768985
1.577005
1.5769993
1.5769582
1.5769148
1.5769328
1.5771575
1.5772817
1.5772976
1.5773176
1.5774645
1.577576
1.5777295
1.577924
1.5782518
1.5785998
1.5789961
1.5795604
1.5801963
1.580802
1.5814412
1.581998
1.5824989
1.5824989
1.5829859
1.5834324
1.5838482
1.5842186
1.5846028
1.5849546
1.5853289
1.5855663
1.5857582
1.58615
1.5866169
1.5870179
1.5872983
1.5875407
1.5878569
1.5881001
1.5881293
1.5881993
1.5885386
1.5888534
1.5891443
1.5894167
1.5896603
1.5898972
1.5901172
1.5901982
1.5904526
1.5907941
1.5911247
1.5915
1.5918459
1.5922021
1.5925621
1.5928277
1.5928516
1.5930889
1.5933076
1.5934
1.5934453
1.5935317
1.5938244
1.5940603
1.5941749
1.5942401
1.594487
1.5947605
1.5949544
1.5950317
1.5950317
1.5952005
1.5954052
1.5956051
1.5957593
1.5958998
1.5961877
1.5965225
1.5966753
1.5968667
1.5970665
1.5973
1.5975258
1.5977527
1.597917
1.5980346
1.5980554
1.5980334
1.5980481
1.5981189
1.5983219
1.5985488
1.5985637
1.5985821
1.5985438
1.5984753
1.5983852
1.5983095
1.5981773
1.5980853
1.597961
1.5979317
1.5979764
1.5981345
1.5981956
1.5982887
1.5984483
1.59872
1.5989455
1.5991589
1.5993662
1.5996873
1.5998887
1.5999113
1.6000112
1.6002339
1.6004628
1.600592
1.6006795
1.6006795
1.6008698
1.6009156
1.600882
1.601035
1.6013774
1.6016874
1.601842
1.6019644
1.6020762
1.6021576
1.6021622
1.6021444
1.6024665
1.6026969
1.6028423
1.6029284
1.6031089
1.6031667
1.6031661
1.6032894
1.6035004
1.6036943
1.603835
1.6038814
1.6039468
1.603929
1.6039962
1.6040729
1.6041987
1.6042796
1.6044143
1.604594
1.6047667
1.604754
1.6047928
1.6049315
1.6049235
1.6048415
1.6048738
1.6048396
1.6047442
1.6045464
1.6044059
1.6041327
1.603888
1.6036366
1.6035343
1.6038877
1.6038877
1.6040707
1.6044405
1.6049395
1.6054745
1.6058472
1.6060877
1.6063747
1.6067693
1.6071416
1.6073563
1.6077183
1.6081918
1.6085547
1.6086473
1.6088501
1.6091652
1.6095371
1.609754
1.6099255
1.6102124
1.6104789
1.6106427
1.6108994
1.6110232
1.6111468
1.6112742
1.61145
1.6116196
1.611928
1.6121893
1.6123966
1.6125054
1.6125562
1.612603
1.612641
1.6127025
1.6130692
1.6134092
1.6136549
1.6138605
1.6140314
1.6141273
1.6141597
1.6142728
1.6144097
1.614553
1.6146374
1.6148261
1.6148261
1.6151823
1.6153138
1.6152743
1.6153679
1.6154821
1.6155303
1.6156847
1.6159781
1.6163191
1.616734
1.6169065
1.6170194
1.6171546
1.6172622
1.6173534
1.6174045
1.6174985
1.6177127
1.6177833
1.6177454
1.6178315
1.6178069
1.6178193
1.6178155
1.6178486
1.6179166
1.6180955
1.6182714
1.6184027
1.618589
1.6188093
1.6188219
1.6186949
1.6185422
1.618419
1.6183406
1.6181978
1.6182374
1.6183919
1.6181539
1.6181172
1.6182812
1.6184119
1.618601
1.6188384
1.6191307
1.6193007
1.6195552
1.6195552
1.6199383
1.6202867
1.6206106
1.6209631
1.6211499
1.6213046
1.6213374
1.621287
1.621238
1.6212252
1.6214116
1.6214001
1.6215006
1.6217461
1.6219724
1.6220047
1.6221023
1.6223828
1.6225998
1.6225855
1.6224859
1.6223365
1.6221908
1.6219162
1.6215953
1.6215398
1.6215447
1.6213839
1.6210761
1.6209987
1.6211017
1.6210854
1.620946
1.620921
1.6209155
1.6208798
1.6208425
1.6210513
1.6212529
1.6213415
1.6213546
1.621333
1.6213455
1.6212462
1.6211876
1.6211509
1.6211345
1.6212398
1.6212398
1.6213355
1.621643
1.6220269
1.6223913
1.622838
1.6230417
1.6233598
1.6237952
1.6240753
1.6242073
1.6243852
1.6247108
1.6249691
1.6250685
1.6252179
1.6253581
1.6254606
1.6254587
1.6255332
1.6257235
1.6258336
1.6256722
1.6254386
1.6254225
1.6254987
1.6256112
1.6256493
1.6257715
1.6258292
1.6258363
1.625932
1.6259416
1.6258829
1.625865
1.6258395
1.6258007
1.6258817
1.6261293
1.6263494
1.626515
1.6267785
1.6270553
1.6272753
1.627412
1.6274325
1.6276401
1.6277852
1.6279621
1.6279621
1.6281708
1.6282978
1.6284252
1.6284987
1.6285989
1.6286733
1.6287277
1.6288034
1.6287597
1.6287357
1.6288414
1.6288594
1.6287698
1.6285893
1.628638
1.628558
1.6283906
1.6282309
1.6280993
1.6280833
1.6281763
1.6283064
1.6284267
1.6285083
1.6287084
1.6289111
1.6291416
1.6293426
1.6295236
1.6296
1.629701
1.6297398
1.629682
1.6296463
1.6296283
1.629573
1.6294626
1.629345
1.629265
1.6291324
1.6289579
1.6289085
1.6287779
1.6284751
1.6283728
1.6282417
1.6279972
1.6279304
1.6279304
1.6279482
1.6280823
1.6282035
1.6282536
1.628293
1.6283724
1.6285181
1.6286119
1.6287174
1.6287062
1.6287274
1.6287736
1.6287984
1.6288399
1.628841
1.6287793
1.6286957
1.628728
1.6288409
1.6288798
1.6289414
1.6290188
1.6291517
1.6292135
1.629232
1.629176
1.6290966
1.6291229
1.6289355
1.6287116
1.6285663
1.6284568
1.628239
1.6279956
1.6277927
1.627695
1.6275394
1.6272023
1.6269838
1.6269768
1.6268541
1.6266534
1.6264405
1.6263971
1.62623
1.6260499
1.626001
1.6259365
1.6259365
1.6258755
1.6256466
1.6255145
1.625397
1.6253585
1.6252354
1.625363
1.6256198
1.6258432
1.6257616
1.6258217
1.6259419
1.6261623
1.6263353
1.6264787
1.6265681
1.6266985
1.6267446
1.6267607
1.6267537
1.6267833
1.626611
1.6263288
1.6261101
1.6258622
1.6255511
1.625314
1.6252905
1.6253239
1.6252618
1.6252006
1.6251972
1.6251775
1.6251255
1.6250049
1.6249902
1.6250987
1.6250707
1.6249577
1.6249076
1.6248173
1.6246364
1.6243461
1.6241657
1.6239843
1.6238072
1.6236584
1.6233952
1.6233952
1.623147
1.6228318
1.6225256
1.622291
1.6221163
1.6220202
1.6220356
1.6220864
1.6220961
1.6219814
1.6219012
1.621854
1.62189
1.6218632
1.621791
1.6218044
1.6218082
1.6218313
1.6219473
1.6220524
1.6220386
1.6219144
1.6221445
1.622339
1.622348
1.6222955
1.6222385
1.6221708
1.6221571
1.6222123
1.6223085
1.6223549
1.6223981
1.6225007
1.6225623
1.6226568
1.6228158
1.6228684
1.6228838
1.6228715
1.6228678
1.6228234
1.622958
1.6231573
1.6232337
1.6233884
1.6234746
1.6236604
1.6236604
1.6237249
1.6237205
1.6240398
1.6243095
1.6246111
1.6249081
1.6252967
1.6254473
1.625565
1.6256176
1.6257988
1.6260142
1.6262847
1.6264663
1.6266807
1.6268609
1.6269788
1.6270367
1.6270524
1.6271319
1.6271474
1.6269987
1.6270912
1.6272167
1.6273205
1.6273547
1.6274005
1.627451
1.6274415
1.6272999
1.6270969
1.6269684
1.6268502
1.6267987
1.6268909
1.6269134
1.627073
1.627159
1.6272273
1.6274506
1.6275427
1.6275933
1.6276978
1.627935
1.6280004
1.6279883
1.6279607
1.6278319
1.6278319
1.6275312
1.6272423
1.6271039
1.6270434
1.6269653
1.626842
1.6268231
1.6269603
1.6268628
1.626903
1.626909
1.6269299
1.626889
1.6269741
1.6270504
1.6271288
1.6272236
1.6273474
1.6275895
1.6277857
1.6278816
1.6279701
1.6281075
1.6282325
1.6282104
1.6282222
1.6282417
1.6281525
1.6280206
1.6277333
1.6273688
1.6270666
1.6267538
1.6265482
1.6264439
1.6265414
1.6266512
1.6267339
1.6268964
1.627086
1.6271847
1.6271882
1.6271181
1.6270769
1.6269681
1.6268836
1.626885
1.6267978
1.6267978
1.6267035
1.6265854
1.6265614
1.6264704
1.6264089
1.6264776
1.6268358
1.6271943
1.6274896
1.6277825
1.6281807
1.6285913
1.6287717
1.6288177
1.6289489
1.6292055
1.6293883
1.629465
1.6294999
1.6296341
1.6297847
1.6299278
1.6300211
1.6301037
1.6302536
1.6302416
1.6301788
1.630164
1.6301132
1.6299844
1.6298491
1.6296489
1.6295177
1.6293168
1.6291003
1.6288893
1.6288154
1.6286486
1.6284065
1.6282797
1.6281974
1.6280234
1.6277765
1.6274551
1.6272408
1.6270479
1.6268309
1.6268142
1.6268142
1.6267531
1.6266884
1.6265593
1.6263217
1.6260809
1.625986
1.62585
1.6255785
1.625371
1.6251291
1.6248753
1.6246024
1.6243219
1.6243155
1.6241809
1.6240822
1.6239513
1.6237652
1.6236312
1.6235964
1.6235055
1.623279
1.622977
1.6226898
1.6224563
1.6221819
1.6218534
1.6214789
1.6211228
1.6207354
1.6204909
1.6203333
1.6202631
1.6203077
1.6204705
1.6205448
1.6208099
1.6209191
1.6209686
1.6209928
1.6209072
1.6207162
1.6207398
1.620578
1.6203426
1.6201696
1.6201156
1.6201227
1.6201227
1.6202163
1.620332
1.6206343
1.6207695
1.6209284
1.6211197
1.6216443
1.6220343
1.6222743
1.6225048
1.6227499
1.62307
1.6233215
1.6235317
1.6237307
1.6237887
1.6239349
1.6240251
1.6241174
1.6242193
1.6243232
1.6244013
1.6245629
1.6247083
1.6248027
1.6248808
1.6249543
1.6248887
1.6248834
1.624902
1.6248823
1.6249624
1.6251217
1.6252824
1.6257198
1.6260524
1.6261878
1.6262698
1.6262974
1.6261984
1.6260375
1.6259462
1.6263018
1.6265959
1.6268499
1.6271011
1.6272845
1.6273726
1.6273726
1.6273985
1.6274117
1.6273453
1.6273202
1.6273528
1.6273878
1.6272638
1.6270518
1.6269554
1.626841
1.62672
1.6266522
1.6267611
1.6268269
1.6268913
1.6269538
1.6270102
1.62689
1.6268104
1.6266904
1.6267233
1.6268514
1.6269628
1.627095
1.6271966
1.627227
1.6274002
1.6273931
1.6274252
1.6274023
1.6273856
1.6274817
1.6275607
1.6276623
1.6277832
1.6279167
1.6278937
1.6277264
1.6276495
1.6276242
1.6277316
1.6277812
1.6277239
1.627577
1.6275182
1.6275015
1.6274132
1.6274917
1.6274917
1.6274457
1.6275232
1.6275977
1.6275426
1.6274387
1.6274505
1.627595
1.627652
1.6276456
1.6276062
1.627547
1.6275011
1.6274838
1.6274152
1.6272726
1.6271372
1.6269478
1.6266447
1.6263894
1.6260875
1.6257529
1.625484
1.6253542
1.6251986
1.6249372
1.6246748
1.624606
1.6246693
1.6246406
1.6246969
1.6248181
1.624782
1.6246278
1.6244738
1.6244574
1.6244488
1.6245052
1.6243885
1.6241422
1.6240298
1.6238228
1.6238359
1.624
1.6241889
1.624428
1.6245686
1.6244948
1.6243525
1.6243525
1.6241932
1.6239824
1.623692
1.6233758
1.6231414
1.6228769
1.6226507
1.6224252
1.6222367
1.6219378
1.6215829
1.6212646
1.6210439
1.6208954
1.6207981
1.6206001
1.6205668
1.6205524
1.6204966
1.620282
1.6199564
1.6198702
1.6197747
1.6196169
1.6196021
1.6196209
1.6197004
1.6199173
1.6201267
1.6204841
1.6208379
1.6211313
1.6214063
1.6216639
1.6219109
1.6221437
1.6222558
1.6223078
1.6224711
1.6226485
1.622647
1.6228207
1.622965
1.6231077
1.6232878
1.6233525
1.623427
1.6235032
1.6235032
1.6234957
1.6234353
1.6232833
1.6232113
1.6232283
1.6231337
1.6230105
1.6228307
1.6228712
1.6230581
1.6231695
1.6231903
1.6232961
1.623242
1.6231676
1.623125
1.6230586
1.6230971
1.6231192
1.6231202
1.6231773
1.6232134
1.6232404
1.6232555
1.6233027
1.6232406
1.6230811
1.6233072
1.6234257
1.6235837
1.6236436
1.6236478
1.6236279
1.6235769
1.6235012
1.6235477
1.6234287
1.6233176
1.6231614
1.6230278
1.6230844
1.6231599
1.623076
1.6229665
1.6229025
1.6229256
1.6229653
1.6229887
1.6229887
1.6229818
1.6232183
1.623518
1.6238148
1.6239284
1.6240928
1.6243156
1.6244754
1.6245136
1.6246479
1.6248705
1.625044
1.625127
1.6251355
1.625252
1.6254927
1.6255801
1.6255434
1.6255234
1.6255107
1.6256034
1.6256629
1.6256758
1.6258031
1.6259038
1.6259974
1.6259756
1.625904
1.6259185
1.6258268
1.6256098
1.625466
1.625257
1.625057
1.6247298
1.6245849
1.624572
1.6246363
1.6246177
1.6245892
1.6245433
1.6245143
1.6246917
1.6248364
1.6248981
1.6250273
1.6253161
1.6256123
1.6256123
1.6257782
1.6259066
1.6260059
1.6260744
1.6260687
1.6261021
1.626183
1.6262814
1.6262525
1.6262813
1.6264685
1.6266376
1.6267319
1.6267787
1.626826
1.6268924
1.626969
1.6269985
1.6270707
1.6271523
1.6272497
1.6273527
1.6274797
1.62758
1.6275513
1.6273185
1.6272281
1.62738
1.6275758
1.6276585
1.6277816
1.6282396
1.6289091
1.629365
1.6297121
1.6301851
1.6305083
1.6305716
1.6305194
1.6305593
1.6306686
1.6307449
1.6307405
1.6307372
1.6308135
1.6309006
1.6311272
1.631229
1.631229
1.6312921
1.6313751
1.6313602
1.6312684
1.6311696
1.6311667
1.63114
1.6310383
1.6309142
1.63088
1.6308151
1.6308131
1.6306763
1.6305368
1.6303984
1.6301378
1.6299655
1.6299598
1.6302384
1.630507
1.6307724
1.6310459
1.6314204
1.631865
1.6323388
1.6328588
1.6333618
1.6338761
1.6343081
1.6349256
1.6355885
1.6361036
1.636651
1.6370057
1.6373495
1.6376966
1.6379813
1.6381925
1.6384155
1.6387073
1.6389309
1.6391617
1.6392832
1.6392813
1.6392726
1.639389
1.6394569
1.6395235
1.6395235
1.6397864
1.6399183
1.639929
1.6399684
1.6400503
1.6400906
1.6401612
1.6402658
1.6403339
1.6404223
1.6403956
1.6404135
1.6405824
1.6406597
1.6406411
1.640623
1.640491
1.6404129
1.6403673
1.6403154
1.6401877
1.640083
1.6399322
1.6399343
1.6399493
1.6398642
1.6399115
1.6398921
1.639878
1.6398673
1.6397824
1.6396487
1.6394632
1.639272
1.6391115
1.6389017
1.6387143
1.6385521
1.6384319
1.6382704
1.6381053
1.6377826
1.6375352
1.6374948
1.6374538
1.6373404
1.6372108
1.6371782
1.6371782
1.6371521
1.6371505
1.6372448
1.6373193
1.637341
1.6375328
1.6376922
1.6380392
1.6383075
1.6384546
1.6383779
1.6382967
1.6382117
1.6382902
1.6382728
1.6381954
1.638316
1.6384532
1.6384898
1.6383269
1.6381304
1.6379656
1.637957
1.6379668
1.6380887
1.6381605
1.6382508
1.6385111
1.6385627
1.6384753
1.6384323
1.638439
1.6384641
1.6385226
1.6386584
1.6387887
1.6387458
1.6387662
1.6388582
1.6390334
1.6390964
1.639119
1.6390227
1.6390462
1.638918
1.6387966
1.63853
1.6383562
1.6383562
1.63827
1.6381788
1.6380428
1.6380321
1.6380808
1.6381454
1.6382099
1.6382089
1.63827
1.638367
1.6383841
1.6383696
1.6383153
1.6382196
1.6381224
1.6380715
1.6379265
1.6378111
1.6376693
1.63738
1.6372255
1.6371186
1.6370829
1.6370606
1.6370629
1.6371596
1.6371716
1.6370568
1.6369776
1.6369518
1.6368845
1.6368073
1.6366919
1.636733
1.6366849
1.636623
1.6367048
1.6368521
1.6370295
1.6371607
1.6372544
1.6374841
1.6376011
1.6377653
1.6379184
1.6380092
1.6381912
1.6383095
1.6383095
1.6385123
1.6387112
1.6390436
1.6394206
1.6397138
1.6398188
1.6399742
1.6402347
1.6403972
1.6405338
1.6406608
1.6407623
1.6408788
1.6409523
1.6409429
1.6410246
1.6411539
1.6412638
1.6412976
1.6412767
1.6413506
1.6414106
1.6414253
1.6414948
1.6416603
1.6417843
1.6420734
1.6422595
1.6424873
1.6426204
1.6425745
1.6425428
1.6426535
1.6428925
1.6431351
1.6433222
1.6434157
1.6433313
1.6433816
1.6433676
1.6432619
1.6431755
1.643088
1.6430985
1.6431433
1.6430805
1.6430609
1.6430967
1.6430967
1.6430979
1.6429995
1.642876
1.6427941
1.6427686
1.6427697
1.642892
1.6430492
1.6432091
1.6432817
1.6433163
1.6433918
1.6434883
1.6435386
1.6435302
1.6435242
1.6435734
1.6435797
1.6435958
1.6436481
1.6437722
1.6438936
1.6439654
1.6440471
1.6442848
1.6445515
1.644926
1.6453371
1.6456997
1.6458957
1.6459763
1.6460012
1.6461755
1.646355
1.6463704
1.6463176
1.6462886
1.6461169
1.6459326
1.6458249
1.6458781
1.6459725
1.6460388
1.6460094
1.6459831
1.6459486
1.6458695
1.6457794
1.6457794
1.6459136
1.6460333
1.6461049
1.6460937
1.6461744
1.6463495
1.6466074
1.6467255
1.6468072
1.6470194
1.647149
1.6471293
1.6471891
1.6472553
1.6472403
1.6472203
1.6470826
1.6469516
1.6469288
1.64674
1.6464238
1.6462651
1.6460387
1.6457317
1.6454026
1.6451069
1.644892
1.6447251
1.6445308
1.6443199
1.6440597
1.6439242
1.6438721
1.6438259
1.6438366
1.6439414
1.6440299
1.6438836
1.6437865
1.6437402
1.6436968
1.643572
1.6434078
1.6433498
1.6434778
1.6434847
1.643797
1.6440228
1.6440228
1.6442025
1.6444101
1.6446694
1.6448994
1.6450828
1.6453015
1.6455711
1.6458547
1.6460757
1.6462055
1.6462847
1.6462802
1.6464146
1.6464353
1.646471
1.6464261
1.6461669
1.6459622
1.6458924
1.6457865
1.6456542
1.6455015
1.6452961
1.6449853
1.6447748
1.6448898
1.6449515
1.6449903
1.6449587
1.6449983
1.6449766
1.6449165
1.6448034
1.6447935
1.6447772
1.644657
1.6445489
1.6445686
1.6445955
1.6444947
1.6444658
1.6446065
1.6447638
1.6449662
1.6452222
1.6455022
1.6457677
1.6460482
1.6460482
1.6463745
1.6468532
1.6473162
1.6477633
1.6481097
1.6484152
1.6487371
1.6489339
1.6491399
1.6494125
1.6496114
1.6497351
1.6499696
1.6500924
1.650112
1.6501652
1.6501461
1.6501324
1.650086
1.6501086
1.6501826
1.6505194
1.6507998
1.6508926
1.6509988
1.6509703
1.6509135
1.6508164
1.6508759
1.6508833
1.6509064
1.650869
1.6507872
1.6506466
1.6506046
1.6505173
1.6503644
1.6502278
1.6500651
1.649901
1.6498092
1.6496193
1.6494485
1.6493522
1.6493115
1.6491891
1.6491301
1.649065
1.649065
1.6490763
1.6490052
1.6489081
1.6488113
1.6487603
1.6487949
1.6488248
1.6487982
1.6487904
1.6487678
1.6488423
1.6488698
1.6488754
1.648819
1.6486896
1.6486799
1.6485729
1.6482685
1.6479555
1.647806
1.6476637
1.647484
1.6474006
1.6472276
1.6469971
1.6467971
1.6466831
1.6466194
1.6465492
1.6465311
1.6465634
1.6464922
1.6464494
1.6464106
1.6464028
1.6464309
1.6465161
1.6467156
1.6469358
1.6470492
1.6470631
1.6469516
1.6469284
1.6469972
1.6470116
1.6469666
1.646906
1.6467593
1.6467593
1.6466545
1.6464368
1.6464514
1.646569
1.6465173
1.6466032
1.6464779
1.6463633
1.6462406
1.6461763
1.6461551
1.6461903
1.6463224
1.6464518
1.6467264
1.6470333
1.6472136
1.6473248
1.6474826
1.6476597
1.6476643
1.6476864
1.6477515
1.6478149
1.6478341
1.647821
1.6477718
1.6477066
1.6476078
1.6476618
1.647653
1.6477046
1.6476538
1.6477808
1.6479727
1.6483727
1.6487935
1.6491296
1.6492778
1.6494677
1.649652
1.6498471
1.6500703
1.650301
1.6506104
1.6508979
1.6512218
1.6514363
1.6514363
1.6516502
1.6518382
1.6520832
1.652342
1.652676
1.652891
1.6530094
1.653179
1.6533235
1.6535127
1.6537553
1.6538441
1.6537905
1.653595
1.6535215
1.6534375
1.6533457
1.6531755
1.6528828
1.6526577
1.6525288
1.6523589
1.6521829
1.6519349
1.6516
1.6512514
1.65087
1.6504997
1.6502941
1.6502827
1.6504152
1.6504639
1.6504347
1.6506413
1.6507535
1.6508347
1.6507825
1.6507584
1.6507533
1.650624
1.6506102
1.6506853
1.6507728
1.6507566
1.6507365
1.6508725
1.6510961
1.6512606
1.6512606
1.651391
1.6515096
1.6515621
1.6514279
1.6512498
1.6510181
1.6509222
1.6507798
1.650558
1.6503749
1.650278
1.6500976
1.6498501
1.6498929
1.6499199
1.6499407
1.649906
1.6499461
1.6501536
1.6504471
1.6505725
1.6505742
1.6506057
1.6507194
1.650864
1.6509129
1.6510186
1.6512071
1.651418
1.6515933
1.651745
1.6519288
1.6520318
1.652146
1.6524621
1.6527551
1.6528285
1.6528631
1.6528054
1.6527394
1.6526744
1.6526216
1.6524476
1.6523817
1.6523747
1.652347
1.6522177
1.6521324
1.6521324
1.652087
1.6520758
1.6521462
1.6521448
1.652172
1.6521409
1.6521288
1.6520752
1.6519865
1.6519397
1.651908
1.651923
1.6519008
1.6519331
1.6520275
1.652049
1.6520796
1.652113
1.652113
1.6523316
1.6525382
1.6526564
1.6529448
1.6532294
1.6534562
1.6536713
1.6538842
1.6539847
1.6541326
1.654201
1.6542283
1.6542358
1.6543481
1.6544523
1.6544647
1.6545795
1.6546271
1.6547432
1.6549731
1.6551162
1.6553465
1.6556665
1.6559093
1.6561706
1.6562313
1.6562952
1.65632
1.6563396
1.6563396
1.6563655
1.6564574
1.656557
1.6565838
1.6565726
1.6563936
1.656167
1.6559619
1.6559356
1.6558688
1.6557982
1.655728
1.6557226
1.6557199
1.6557065
1.6557224
1.655754
1.655701
1.655557
1.6554075
1.65542
1.6554396
1.6554303
1.6553833
1.655211
1.6549566
1.6547097
1.6543788
1.6540499
1.6538038
1.6535478
1.6532971
1.6530206
1.6528833
1.6527327
1.6525599
1.6522797
1.6519449
1.6518252
1.651701
1.6514394
1.6510898
1.6506816
1.6504225
1.6501727
1.6498275
1.6494673
1.6491692
1.6491692
1.6489596
1.6487541
1.6484758
1.6482067
1.6480178
1.6478292
1.6474965
1.6471549
1.6468186
1.6465689
1.6463411
1.6462283
1.6460484
1.6460087
1.646029
1.645995
1.6458656
1.6459967
1.6461623
1.646305
1.646518
1.6467103
1.6470107
1.6473416
1.6475083
1.6476778
1.6479019
1.6480659
1.6482491
1.6485658
1.6488082
1.6489547
1.6490695
1.649033
1.6489657
1.6488413
1.6486768
1.6484953
1.6484109
1.6483188
1.648191
1.6480896
1.6480918
1.648136
1.6483556
1.6485949
1.6487589
1.6490443
1.6490443
1.6494203
1.6498462
1.6502571
1.650575
1.650866
1.6511816
1.651534
1.6518074
1.652156
1.6525266
1.6527848
1.6529785
1.6531597
1.6532009
1.6532204
1.6532335
1.6532542
1.6533247
1.6533599
1.6532874
1.65318
1.6531544
1.6531643
1.6532104
1.6533165
1.6534245
1.6534078
1.653442
1.6535268
1.653627
1.6538918
1.6540918
1.6542248
1.6543462
1.6545295
1.6546836
1.6548637
1.6549509
1.6551548
1.655381
1.6555816
1.65578
1.6560456
1.6562873
1.6565477
1.6567328
1.6567885
1.6568812
1.6568812
1.6569862
1.6571444
1.6572775
1.6574504
1.6576653
1.6577753
1.6579195
1.6580937
1.6582223
1.6582649
1.6582636
1.6582133
1.6582752
1.6583928
1.6584498
1.658601
1.6587374
1.658856
1.6589472
1.6590488
1.659077
1.6590563
1.6590523
1.6590098
1.6589707
1.6589012
1.6587833
1.6586859
1.6586379
1.658606
1.6584595
1.6583211
1.6581663
1.6580409
1.6579553
1.657869
1.6577346
1.6576192
1.6575717
1.657586
1.6576097
1.6575261
1.6574644
1.6573648
1.6573067
1.6573452
1.6573215
1.6573454
1.6573454
1.6573726
1.6574221
1.657442
1.657464
1.6574895
1.6575017
1.6575146
1.6575259
1.657586
1.6576629
1.6576806
1.6576772
1.6577021
1.6577221
1.6577537
1.6577535
1.657809
1.6577833
1.6576588
1.6575673
1.6574563
1.6574129
1.6573881
1.657357
1.6572565
1.6571436
1.6570209
1.6569946
1.6569947
1.6570021
1.6570376
1.6571643
1.6572609
1.6573747
1.6574975
1.6575984
1.6577014
1.6577897
1.6578816
1.6579714
1.6580819
1.6581582
1.6581478
1.6580839
1.6580395
1.6580579
1.6581491
1.658294
1.658294
1.658352
1.6583649
1.6583976
1.658406
1.6583866
1.6583939
1.6584188
1.658454
1.6584764
1.6585163
1.6586529
1.6588182
1.6589057
1.6589196
1.6588866
1.6588265
1.6588213
1.6588608
1.6588994
1.6589544
1.6590494
1.6591636
1.6593269
1.6595172
1.6596396
1.6597272
1.6598127
1.6598494
1.6599092
1.6599748
1.6600646
1.6600783
1.6600391
1.6599783
1.6599219
1.659885
1.6598607
1.6598562
1.6598167
1.6597687
1.659737
1.6597024
1.6597437
1.6598649
1.6599225
1.6599653
1.659988
1.6599853
1.6599853
1.66002
1.6601138
1.6602027
1.6602774
1.6603101
1.6603897
1.6604828
1.6605535
1.6605927
1.6606306
1.6606495
1.6606945
1.6606717
1.6606251
1.6605353
1.6604828
1.6604738
1.6604663
1.6604687
1.6604848
1.6604702
1.660464
1.6604623
1.6604565
1.6603458
1.6602709
1.6601799
1.6601245
1.6600798
1.6600487
1.6600536
1.6600453
1.6600627
1.6600461
1.6600341
1.6600257
1.6600662
1.6601096
1.6601214
1.6601379
1.66014
1.6601726
1.6601795
1.6601487
1.6601214
1.660089
1.6600677
1.6601043
1.6601043
1.6601174
1.6601425
1.6601375
1.660159
1.6601217
1.6600902
1.6600634
1.6600604
1.660036
1.6600136
1.6600151
1.6600235
1.6600167
1.6600213
1.6600188
1.6600585
1.6600713
1.6601137
1.6601987
1.6603231
1.660436
1.660491
1.6604943
1.6605301
1.6605397
1.6605573
1.6605312
1.6605109
1.660467
1.6604223
1.6603771
1.6603284
1.6602802
1.6602703
1.6602721
1.6602491
1.6602391
1.660208
1.6601737
1.6601186
1.6600786
1.6600264
1.6600114
1.6599958
1.6600093
1.6600497
1.6600796
1.6601223
1.6601223
1.6601615
1.6601814
1.6601976
1.6602104
1.6602056
1.6601983
1.6601893
1.6601627
1.660202
1.6602294
1.660263
1.6602947
1.6603214
1.6603318
1.6603506
1.6603543
1.6603442
1.6603444
1.6603423
1.6603417
1.660355
1.6603655
1.6603879
1.6604015
1.6604098
1.660438
1.6604706
1.6605184
1.6605422
1.6605506
1.6605452
1.6605504
1.6605699
1.6605868
1.6605846
1.6605893
1.6606177
1.66063
1.6606356
1.6606398
1.6606557
1.660656
1.6606648
1.6606791
1.6607018
1.6607515
1.6608111
1.6608616
1.6608616
1.6608846
1.660897
1.6609087
1.660915
1.66093
1.6609514
1.6609638
1.6609786
1.6610123
1.6610314
1.6610544
1.6610847
1.6611098
1.6611294
1.6611549
1.6611754
1.6612003
1.6612196
1.6612302
1.6612461
1.6612649
1.6612828
1.661295
1.6613017
1.6613117
1.6613195
1.6613375
1.6613574
1.6613702
1.6613752
1.6613847
1.6613917
1.6613904
1.6613959
1.6613883
1.6613908
1.6613916
1.661392
1.6613872
1.6614032
1.6614194
1.6614287
1.6614423
1.6614547
1.6614543
1.6614588
1.6614715
1.6614875
1.658294
